public/catalog_NB3_4RMS_30.0rings_0.7mindelta3npix_final_Nazar_review.csv
# %ECSV 1.0
# ---
# datatype:
# - {name: _idx, datatype: int64}
# - {name: c_ID, datatype: int64}
# - {name: _name, datatype: int64}
# - {name: area_ellipse, unit: deg2, datatype: float64}
# - {name: area_exact, unit: deg2, datatype: float64}
# - {name: flux, unit: Jy, datatype: float64}
# - {name: peak, unit: Jy / beam, datatype: float64}
# - {name: ring_std, unit: Jy / beam, datatype: float64}
# - {name: x_peak_px, datatype: int64}
# - {name: y_peak_px, datatype: int64}
# - {name: x_peak, datatype: float64}
# - {name: y_peak, datatype: float64}
# - {name: npix, datatype: int64}
# - {name: major_fwhm, unit: deg, datatype: float64}
# - {name: minor_fwhm, unit: deg, datatype: float64}
# - {name: major_sigma, unit: deg, datatype: float64}
# - {name: minor_sigma, unit: deg, datatype: float64}
# - {name: position_angle, unit: deg, datatype: float64}
# - {name: radius, datatype: float64}
# - {name: x_cen, datatype: float64}
# - {name: y_cen, datatype: float64}
# - {name: x_cen_px, datatype: float64}
# - {name: y_cen_px, datatype: float64}
# - {name: radial_d_px, datatype: float64}
# - {name: radial_d_AU, unit: AU, datatype: float64}
# - {name: rejected, datatype: float64}
# - {name: 100.0GHz_snr, datatype: float64}
# - {name: core_score, datatype: int64}
# - {name: detection_score, datatype: int64}
# - {name: G2018, datatype: string}
# - {name: notes, datatype: string}
# - {name: Schmiedeke16, datatype: string}
# schema: astropy-2.0
_idx c_ID _name area_ellipse area_exact flux peak ring_std x_peak_px y_peak_px x_peak y_peak npix major_fwhm minor_fwhm major_sigma minor_sigma position_angle radius x_cen y_cen x_cen_px y_cen_px radial_d_px radial_d_AU rejected 100.0GHz_snr core_score detection_score G2018 notes Schmiedeke16
[from data line 143]
14444 2 144 4.4439732959075517e-10 1.3000000000000003e-09 0.00031029013972064295 0.00017533737991470844 3.1543457265984666e-05 3210 3285 266.8322380576459 -28.370770559576155 52 3.0359611867291715e-05 1.8637718070438185e-05 1.2892540103586854e-05 7.914710132422552e-06 -167.71506560650127 1.0101520568237387e-05 266.8322317487011 -28.370774058816345 3211.1102322862876 3284.300144710075 253.81687920755704 38833.982520640966 0.0 4.875574882 0 0 "" "" ""
14461 2 145 1.2412140982706717e-10 3.7500000000000005e-10 0.0001999124953542423 0.00037339970003813505 3.1543457265984666e-05 3253 3286 266.8319937092739 -28.37076555795998 15 1.663840559893027e-05 9.498444845106861e-06 7.0656802986028565e-06 4.033618137891307e-06 156.50293566671925 5.338563122131811e-06 266.83199086911696 -28.370767514950234 3253.49980243116 3285.608597680192 280.3048541952996 42886.64269452363 0.0 1.906267642 1 2 "" "" ""
14494 2 146 1.442272599829603e-10 4.250000000000001e-10 9.493647754370536e-05 0.00015045783948153257 3.1543457265984666e-05 3025 3290 266.83328932404316 -28.37074556155967 17 2.1232999669314148e-05 8.648753359438915e-06 9.016824752328403e-06 3.672787386742856e-06 99.02300187818858 5.754726771865241e-06 266.8332882718141 -28.3707477256297 3025.1851703883026 3289.5671864047654 222.5468689324972 34049.6709480259 0.0 1.039052558 0 0 "" "" ""
14508 2 147 1.6494287634847763e-10 5.000000000000001e-10 0.0001848872112517067 0.00026203872403129935 3.1543457265984666e-05 3048 3290 266.83315862608157 -28.370745561752084 20 1.7519518486390797e-05 1.1987508011819955e-05 7.439854490520332e-06 5.090625942782988e-06 51.01341572814831 6.154146267352874e-06 266.8331571882119 -28.37074636702366 3048.253033991615 3289.8389459691007 219.1294703492254 33526.80896442587 0.0 3.155141232 0 0 "" "" ""
14532 2 148 7.394645600931721e-10 2.1750000000000005e-09 0.0010858818526191924 0.0004055672907270491 3.1543457265984666e-05 2993 3296 266.8334711645584 -28.370715561084626 87 3.7550047433610355e-05 2.507404419960462e-05 1.5946036943607227e-05 1.0647966180054779e-05 80.51940907479496 1.3030459012691526e-05 266.8334724438809 -28.370714506640905 2992.7748661933533 3296.210887901455 237.7964341201101 36382.854422022545 0.0 5.272877141 0 1 "" "" ""
14555 2 149 1.0754700670429532e-10 3.2500000000000007e-10 0.00011242320744459094 0.00022565842664334923 3.1543457265984666e-05 3052 3294 266.8331358959799 -28.370725561772815 13 1.5628978657669745e-05 8.761636708669825e-06 6.637016145097548e-06 3.720724531438525e-06 53.12599159048683 4.96935697918936e-06 266.83313239346114 -28.370724790942255 3052.6163671361687 3294.154166685159 222.9982040254522 34118.72521699658 0.0 2.220058074 0 0 "" "" ""
14607 2 150 4.428854828151977e-10 1.2250000000000002e-09 0.0004307377657800692 0.00026524331769905984 3.1543457265984666e-05 3040 3303 266.8332040861307 -28.37068056169928 49 4.3739697435699324e-05 1.2892382524303443e-05 1.85745392850707e-05 5.474890767771598e-06 88.0736407766042 1.0084323162584807e-05 266.83320449772583 -28.370671647054085 3039.9275654708117 3304.7829289303613 234.98198453929766 35952.24363616915 0.0 3.336170148 0 0 "" "" ""
14646 2 151 2.987739955328077e-10 1.0000000000000003e-09 0.0012989915063286086 0.0011816080659627914 3.1543457265984666e-05 3062 3303 266.83307907076585 -28.370680561808147 40 2.2737800898554086e-05 1.673061278901957e-05 9.655854996875247e-06 7.1048370869459285e-06 -155.88167697061374 8.282709501604618e-06 266.8330764423308 -28.370682644202404 3062.4625478941307 3302.583521363472 230.78068228742745 35309.4443913791 0.0 12.73386859 2 2 "" "" ""
14707 2 152 4.414873388745949e-11 1.5000000000000002e-10 8.164394150077998e-05 0.0003490008821245283 3.1543457265984666e-05 3235 3305 266.83209599548377 -28.37067055868951 6 9.550679267528925e-06 5.885745847291053e-06 4.055800054735563e-06 2.4994461295294846e-06 -179.09606071685977 3.183905423996491e-06 266.8320960735211 -28.370668073851146 3234.9862709332465 3305.496967782284 284.75490948576584 43567.50115407428 0.0 6.30540895 1 2 "" "" ""
14717 2 153 8.899956571028208e-11 2.7500000000000003e-10 0.00023967229359989572 0.0005809564609080553 3.1543457265984666e-05 3068 3308 266.833044975661 -28.370655561818033 11 1.5170720058105325e-05 7.469631982932185e-06 6.442411635707788e-06 3.1720606416164646e-06 65.55258959809609 4.520588500042956e-06 266.8330444569589 -28.3706568639174 3068.0912804175614 3307.7395801465786 235.7719825094986 36073.1133253444 0.0 6.198528081 0 1 "" filament ""
14731 2 154 1.2910849223275484e-10 3.7500000000000005e-10 0.00020780400623906766 0.0003741047403309494 3.1543457265984666e-05 3240 3308 266.83206758303845 -28.370655558494526 15 1.7888560566904238e-05 9.189606727314348e-06 7.596572232622187e-06 3.902466664790757e-06 -152.91219303719802 5.444756184117263e-06 266.83206871689185 -28.370654226269753 3239.800468390431 3308.266446532012 289.79101253992025 44338.02492159163 0.0 6.848548864 1 2 "" "" ""
14775 2 155 2.5268498159366706e-10 8.250000000000001e-10 0.0003347882140096558 0.0003669261059258133 3.1543457265984666e-05 3251 3313 266.8320050756104 -28.370630558044784 33 2.021495247011248e-05 1.5915644065790737e-05 8.584499912326334e-06 6.758751735350358e-06 -150.4994577415331 7.617119119427673e-06 266.8320078597604 -28.37063393228063 3250.510043923798 3312.3251569599206 299.36936524882924 45803.512886536104 0.0 5.058841654 2 2 "" "" ""
14826 2 156 1.6029752135812993e-09 5.175000000000001e-09 0.0038528223360434497 0.0007589759188704193 3.1543457265984666e-05 2977 3322 266.8335620841923 -28.370585560756567 207 6.603168296727321e-05 3.090949808906682e-05 2.8041073926906105e-05 1.3126055281502658e-05 83.51891353938959 1.9185116275834044e-05 266.8335612459539 -28.370576762345923 2977.1475040897 3323.7596827904736 269.035190744953 41162.38418595875 0.0 8.267357895 0 2 "" filament ""
14849 2 157 2.795278338349801e-10 8.750000000000002e-10 0.0008841260196226403 0.0008249228121712804 3.1543457265984666e-05 3045 3317 266.8331756734466 -28.37061056173403 35 2.1941045078756878e-05 1.6221285261355447e-05 9.317503953245187e-06 6.888545600579959e-06 -166.62569548524914 8.011494920769376e-06 266.8331738163628 -28.3706074643818 3045.326806014567 3317.619470859763 247.06352167573115 37800.71881824174 0.0 5.750056887 1 2 "" "" ""
14917 2 158 3.432375331558903e-10 1.05e-09 0.00041517781613847524 0.00028853112598881125 3.1543457265984666e-05 3097 3323 266.8328801828192 -28.370580561746277 42 2.4865614292278808e-05 1.7575718644918324e-05 1.0559454147992867e-05 7.463720500428867e-06 75.70143155732556 8.877658159543709e-06 266.83288181543776 -28.370583607186475 3096.7126934736034 3322.390912296776 251.60748434721097 38495.94510715716 0.0 3.414589144 0 0 "" "" ""
14937 2 159 1.397041592572287e-09 4.800000000000001e-09 0.00714050210150027 0.0021029089111834764 3.1543457265984666e-05 3051 3326 266.83314157831893 -28.370565561767947 192 6.168737763431924e-05 2.883570274624973e-05 2.6196217313713446e-05 1.2245395484507497e-05 127.38953786914696 1.7910417114197084e-05 266.83315554890737 -28.37054834702296 3048.541472163803 3329.442946421451 258.50952243660146 39551.95693494313 0.0 13.26359014 2 2 "" "bad contour" ""
15013 2 160 2.0302896005979713e-10 5.750000000000001e-10 0.00020345383578536654 0.00024670566199347377 3.1543457265984666e-05 2993 3330 266.8334711638391 -28.37054556108458 23 1.8208006000313076e-05 1.419754044914088e-05 7.732228217920478e-06 6.029140306963152e-06 147.34496173047143 6.827787988162946e-06 266.8334726032709 -28.370547417075162 2992.746692200158 3329.6288009404393 269.54347677364586 41240.15194876461 0.0 1.653492465 0 0 "" "" ""
15014 2 161 1.1327456151753707e-10 3.2500000000000007e-10 0.00011436783857689602 0.00022886996157467365 3.1543457265984666e-05 3101 3329 266.8328574528209 -28.37055056172082 13 1.7304458421793566e-05 8.334736808762915e-06 7.3485268899034424e-06 3.539436835672669e-06 63.64782260926526 5.0999653687113756e-06 266.83285710969346 -28.37054945616996 3101.060383384023 3329.221110089359 258.85750010001357 39605.197517295244 0.0 2.272782137 0 0 "" "" ""
15044 2 162 1.4756299346503175e-09 4.625000000000001e-09 0.0026182006992087913 0.000849544012453407 3.1543457265984666e-05 3005 3337 266.8334029736012 -28.37051056129099 185 5.4055384686548177e-05 3.4758098272440236e-05 2.2955208318620258e-05 1.4760405299668412e-05 59.116861487226494 1.8407286017258355e-05 266.83339007107264 -28.37050639302656 3007.2705670242085 3337.83365993425 273.6008666788282 41860.93260456896 0.0 9.553632897 2 2 "" "" ""
15084 2 163 5.232802720443798e-10 1.5500000000000002e-09 0.0014904968172004646 0.0007052505388855934 3.1543457265984666e-05 3131 3336 266.8326869776428 -28.37051556140977 62 3.6231745184576384e-05 1.8389190887193205e-05 1.538620552387059e-05 7.809170355075484e-06 -173.23000345476572 1.0961455197833402e-05 266.83268591210907 -28.37051271428669 3131.1875127686985 3336.5694240901125 271.10909581037424 41479.69166149093 0.0 3.414254953 0 1 "" extended ""
15097 2 164 4.013709466992657e-10 1.2000000000000002e-09 0.0006324012033868706 0.0003905490739271045 3.1543457265984666e-05 3110 3339 266.8328063103361 -28.370500561649763 48 3.01329569103749e-05 1.6959837807917895e-05 1.2796288605560456e-05 7.202179989806819e-06 49.40778658766418 9.600061132032468e-06 266.83280580713534 -28.370498742878265 3110.0885532441253 3339.3637541396815 270.0631683808339 41319.6647647746 0.0 3.703196312 0 0 "" "" ""
15114 2 165 4.271460467236536e-10 1.1750000000000002e-09 0.0007305629265795588 0.0004750704683829099 3.1543457265984666e-05 3091 3338 266.8329142779629 -28.370505561777367 47 3.614986629201897e-05 1.504482735347226e-05 1.5351434759654363e-05 6.388949926436747e-06 165.49903563269132 9.903511901259688e-06 266.8329042273593 -28.37050594757513 3092.768691678613 3337.922838789309 266.7326278200815 40810.09205873735 0.0 2.487435119 1 1 "" "" ""
15163 2 166 1.3276162917992413e-10 4.0000000000000007e-10 0.0002592136398786392 0.0004526418633759022 3.1543457265984666e-05 3084 3343 266.8329540555295 -28.370480561802925 16 1.4899148726084893e-05 1.1345630360970886e-05 6.3270859093986836e-06 4.8180456017911e-06 94.67758351786236 5.521248811449523e-06 266.832952420557 -28.370479733829374 3084.2877204339043 3343.165594545954 271.4438574345023 41530.91018983555 0.0 1.11380048 1 1 "" "" ""
15212 2 167 7.575569911300727e-10 4.9500000000000005e-09 0.05803460364658484 0.029618119820952415 3.1543457265984666e-05 3091 3351 266.8329142780291 -28.370440561777343 198 3.597499352852917e-05 2.681217827391119e-05 1.5277173134500117e-05 1.1386083760620782e-05 -173.83307496651005 1.3188903401531298e-05 266.8329056403254 -28.370438723444114 3092.520052796538 3351.3676652309205 280.1202687121165 42858.40111565547 0.0 177.7204314 1 2 170 HII_new? ""
15213 2 168 1.1500691123459865e-10 3.5000000000000003e-10 0.0004151590087902307 0.0007724096067249775 3.1543457265984666e-05 3149 3346 266.83258469270953 -28.370465561121318 14 1.58779141361791e-05 9.222485965395e-06 6.74272930947911e-06 3.916429191630135e-06 172.97825922049327 5.138815223269279e-06 266.83258386396494 -28.37046520528581 3149.1458416759738 3346.0711665708554 284.721768105995 43562.43052312701 0.0 3.750774254 0 0 "" "" ""
15223 2 169 1.0313674392242111e-10 3.0000000000000005e-10 0.0002844192289487994 0.000614814693108201 3.1543457265984666e-05 3130 3347 266.8326926603214 -28.370460561423528 12 1.2752410746878981e-05 1.0297662077844097e-05 5.415450226775769e-06 4.373014447356106e-06 124.08866454995531 4.866399293176459e-06 266.8326922009285 -28.37045891232871 3130.0808442895545 3347.329818741406 281.3892207629195 43052.55077980242 0.0 2.397679012 0 0 "" "" ""
15225 2 170 1.7813842974643484e-10 5.000000000000001e-10 0.0005808637183439411 0.0007333697285503149 3.1543457265984666e-05 3142 3348 266.8326244702825 -28.37045556124255 20 1.79203366104049e-05 1.2656947220797562e-05 7.610066275858193e-06 5.3749105998591125e-06 119.51106076027736 6.395578620558156e-06 266.8326213498976 -28.370452829432043 3142.549123233793 3348.546360283816 285.40334296444917 43666.71147612542 0.0 7.61001241 0 0 "" "" ""
15233 2 171 1.7395129772263364e-10 5.25e-10 0.00019140197039553338 0.0002603326574899256 3.1543457265984666e-05 3046 3349 266.8331699907109 -28.370450561740235 21 1.7211977841282685e-05 1.286809940519111e-05 7.3092540033378515e-06 5.46457867655105e-06 -143.97614156211813 6.319967845498537e-06 266.83316835893123 -28.370449603528062 3046.287158319244 3349.191642784407 278.3816751455061 42592.39630000528 0.0 2.719832078 0 0 "" "" ""
15257 2 172 3.656471489718319e-10 1.1000000000000001e-09 0.0013223250881903427 0.0009079998126253486 3.1543457265984666e-05 3109 3354 266.83281199299165 -28.37042556165859 44 2.4704488138120744e-05 1.884533421371034e-05 1.0491030170331362e-05 8.002876590708933e-06 131.70408484474726 9.162882721205484e-06 266.8328180595356 -28.370430257149962 3107.932415329361 3353.0609035578364 283.3484956377027 43352.31983539115 0.0 3.989207667 0 1 "" "" ""
15275 2 173 1.3066452458185336e-10 4.0000000000000007e-10 0.00014785866653442597 0.00024977154680527747 3.1543457265984666e-05 3014 3354 266.8333518307698 -28.37042556142352 16 1.8009388335439234e-05 9.237963504275672e-06 7.64788306157065e-06 3.923001897223215e-06 90.40652222437099 5.4774683714543665e-06 266.83335182824595 -28.37042949069186 3014.000446294805 3353.2141463344406 287.13297325213244 43931.3449104267 0.0 2.420738907 0 0 "" "" ""
15276 2 174 1.4045881385104615e-10 4.250000000000001e-10 0.0004183604483762238 0.0006382249994203448 3.1543457265984666e-05 3075 3352 266.8330051980896 -28.370435561818816 17 1.510774659877933e-05 1.1837686032560297e-05 6.415669269785229e-06 5.027002406209225e-06 164.6096231975695 5.6790478829336285e-06 266.83300586790523 -28.370432647663357 3074.8821267427015 3352.5828311084315 280.5976332177157 42931.43788499662 0.0 3.368273438 0 0 "" "" ""
15277 2 175 8.216937204534489e-11 2.5000000000000007e-10 0.00010058698283469129 0.0002611781528685242 3.1543457265984666e-05 3120 3352 266.83274948543374 -28.37043556154841 10 1.1977628817974457e-05 8.734873705900942e-06 5.086430635431862e-06 3.7093593305921346e-06 179.54469022846837 4.34366192710124e-06 266.8327523169579 -28.370436609275824 3119.5017113707436 3351.790455639575 283.7941360390492 43420.50281681288 0.0 0.755200156 0 0 "" "" ""
15325 2 176 3.523105523701103e-10 1.1500000000000002e-09 0.001525090128949193 0.0011931817280128598 3.1543457265984666e-05 3081 3358 266.83297110308325 -28.370405561810312 46 2.441959233944795e-05 1.8369813796481046e-05 1.0370046064019726e-05 7.800941662291486e-06 156.55873231344117 8.994227280911536e-06 266.832971146178 -28.370404346872323 3080.992416339996 3358.2429876036676 286.384202608847 43816.78300203972 0.0 7.485048876 1 2 "" HII_new? ""
15360 2 177 1.64718128754558e-10 4.750000000000001e-10 0.0001908764916041313 0.00027420962578617036 3.1543457265984666e-05 3026 3360 266.8332836406608 -28.37039556157054 19 1.6667474036071157e-05 1.2583142794702035e-05 7.078024527284885e-06 5.343568745838774e-06 75.80049360301152 6.149952084876741e-06 266.8332821964434 -28.370390643536517 3026.2541495776254 3360.98360735641 292.581968261187 44765.04114730854 0.0 3.053793224 0 0 "" "" ""
15376 2 178 5.515065202676674e-10 1.6000000000000003e-09 0.00303865611757645 0.0012717588106170297 3.1543457265984666e-05 3128 3365 266.83270402560095 -28.37037056145037 64 2.8241244972586764e-05 2.4864763092008515e-05 1.1992952511246179e-05 1.0559092676519882e-05 136.92647338457533 1.1253208299473988e-05 266.8326975561123 -28.37037447527459 3129.13849128125 3364.2172321207677 297.7511006431716 45555.91840171586 0.0 4.294248445 0 1 "" extended ""
