public/catalog_MB6_4RMS_30.0rings_0.7mindelta3npix_final_Nazar_review.csv
# %ECSV 1.0
# ---
# datatype:
# - {name: _idx, datatype: int64}
# - {name: c_ID, datatype: int64}
# - {name: _name, datatype: int64}
# - {name: area_ellipse, unit: deg2, datatype: float64}
# - {name: area_exact, unit: deg2, datatype: float64}
# - {name: flux, unit: Jy, datatype: float64}
# - {name: peak, unit: Jy / beam, datatype: float64}
# - {name: ring_std, unit: Jy / beam, datatype: float64}
# - {name: x_peak_px, datatype: int64}
# - {name: y_peak_px, datatype: int64}
# - {name: x_peak, datatype: float64}
# - {name: y_peak, datatype: float64}
# - {name: npix, datatype: int64}
# - {name: major_fwhm, unit: deg, datatype: float64}
# - {name: minor_fwhm, unit: deg, datatype: float64}
# - {name: major_sigma, unit: deg, datatype: float64}
# - {name: minor_sigma, unit: deg, datatype: float64}
# - {name: position_angle, unit: deg, datatype: float64}
# - {name: radius, datatype: float64}
# - {name: x_cen, datatype: float64}
# - {name: y_cen, datatype: float64}
# - {name: x_cen_px, datatype: float64}
# - {name: y_cen_px, datatype: float64}
# - {name: radial_d_px, datatype: float64}
# - {name: radial_d_AU, unit: AU, datatype: float64}
# - {name: rejected, datatype: float64}
# - {name: 225.0GHz_snr, datatype: float64}
# - {name: core_score, datatype: int64}
# - {name: detection_score, datatype: int64}
# - {name: B3_match, datatype: int64}
# - {name: notes, datatype: string}
# - {name: Schmiedeke16, datatype: string}
# schema: astropy-2.0
_idx c_ID _name area_ellipse area_exact flux peak ring_std x_peak_px y_peak_px x_peak y_peak npix major_fwhm minor_fwhm major_sigma minor_sigma position_angle radius x_cen y_cen x_cen_px y_cen_px radial_d_px radial_d_AU rejected 225.0GHz_snr core_score detection_score B3_match notes Schmiedeke16
[from data line 217]
1560 8 218 8.186264051265086e-10 2.9552469135807195e-09 0.021701301403758314 0.0036395336501300335 0.0002510587313264703 2575 1738 266.83303360012724 -28.38608552426918 383 4.930465043959158e-05 2.1140505961578472e-05 2.0937757236962695e-05 8.977546291143714e-06 107.1531588170628 1.371020367564107e-05 266.8330361015197 -28.38607229650055 2574.2078117731035 1742.7620034412166 601.9975833570036 51169.79459102594 0.0 8.436677519 2 2 142 "" ""
1831 8 219 1.3036431587814592e-10 3.780864197531469e-10 0.001465644811188108 0.0011812458978965878 0.0002510587313264703 2858 1998 266.83214006554385 -28.385363292439802 49 1.4855071700893813e-05 1.1173815341890127e-05 6.308368120205369e-06 4.745082481130005e-06 149.16850530590216 5.471172365380707e-06 266.83213892459224 -28.38536263768567 2858.361362773909 1998.2357057293334 658.3986691858776 55963.886888638845 0.0 2.040349325 0 0 "" "" ""
1549 9 220 6.805619210548961e-11 2.0833333333336666e-10 0.0008498100112116531 0.0012873576488345861 0.0002510587313264703 2642 1670 266.83282205130325 -28.38627441141021 27 1.347294529613145e-05 6.431653093435845e-06 5.721433077046181e-06 2.7312715920724695e-06 172.20541092930975 3.95307318794884e-06 266.83282316028533 -28.386273223067644 2641.648773682138 1670.4278069298566 699.4945953378469 59457.04061236225 0.0 15.82606203 1 1 "" "" ""
1550 9 221 7.328405156879082e-10 2.4845679012349653e-09 0.014689829301963091 0.0029256101697683334 0.0002510587313264703 2674 1689 266.83272101459846 -28.386221632682325 322 6.0554390484045296e-05 1.540924452740818e-05 2.571508197062652e-05 6.543703651548311e-06 -160.73229494119607 1.2971964993440775e-05 266.83271889785414 -28.38622086786935 2674.670407002537 1689.2753252179025 703.389732291558 59788.127253328305 0.0 10.44867953 2 2 141 "" ""
1799 9 222 1.491026087250352e-10 4.3209876543216787e-10 0.0017557825558625945 0.001230577239766717 0.0002510587313264703 2939 1985 266.8318843161548 -28.385399399728417 56 1.648637570810997e-05 1.1515361112520228e-05 7.001119148318313e-06 4.890123615526163e-06 118.0147605652345 5.851182622539122e-06 266.83188771945254 -28.38539384029823 2937.9221534530925 1987.001414308022 736.4815987433228 62600.93590323134 0.0 4.004485135 0 1 "" "" ""
1824 9 223 3.806134943344773e-10 1.1728395061730271e-09 0.0069315793503681574 0.0023245764896273613 0.0002510587313264703 2883 1993 266.8320611305141 -28.385377180199853 152 2.9092670540614054e-05 1.6657817715392238e-05 1.2354519659370272e-05 7.073923865453296e-06 167.56656200839424 9.348525630527591e-06 266.8320596431815 -28.385375073309746 2883.4710763758667 1993.7584726218174 683.33397761117 58083.388104775324 0.0 3.666540581 1 2 "" "" ""
1838 9 224 1.387213972256798e-09 3.7037037037042962e-09 0.025482924618471816 0.0029896239284425974 0.0002510587313264703 2884 2012 266.8320579741194 -28.38532440237597 480 9.458217554074737e-05 1.8674615451729644e-05 4.0165351802712496e-05 7.93037900757474e-06 177.79717995057 1.7847309678718677e-05 266.8320670460138 -28.385323253827835 2881.1267806419023 2012.4135249424735 674.365143207797 57321.03718083926 0.0 5.342943524 0 1 144 "" ""
1009 10 225 1.535703359154874e-10 4.3981481481488515e-10 0.0027489975395726366 0.001969878561794758 0.0002834800790299522 2820 1714 266.8322600330007 -28.38615218295749 57 1.764192266712853e-05 1.1083551219719888e-05 7.491834760093808e-06 4.706750837758482e-06 178.29102906550676 5.938198340693888e-06 266.8322572521765 -28.386151177501297 2820.8807337684966 1714.3619510655647 782.8236912960323 66540.01377165057 0.0 6.517649308 1 2 "" "" ""
1011 10 226 1.8229117842902846e-10 4.552469135803197e-10 0.0020564985951063972 0.001461649197153747 0.0002834800790299522 2837 1720 266.83220635725047 -28.38613551557517 59 2.3063336877495113e-05 1.0063777403500034e-05 9.794097398721605e-06 4.273692771019267e-06 -135.07390621910133 6.469695761902188e-06 266.83220704292086 -28.38613406528732 2836.782845988213 1720.5221069611384 790.3549503627462 67180.17079395248 0.0 3.006958832 0 1 "" "" ""
1013 10 227 1.0967137775807034e-10 3.240740740741259e-10 0.0019361319780760648 0.001795959658920765 0.0002834800790299522 2822 1723 266.8322537185981 -28.386127182874375 42 1.370475569614902e-05 1.018918654990435e-05 5.819873890180385e-06 4.3269491320176165e-06 -146.27113480840507 5.018196715710536e-06 266.8322543398722 -28.386127149715175 2821.8032334026425 1723.0119402611426 777.6087402010361 66096.74292889165 0.0 2.94145251 1 2 "" "" ""
1017 10 228 4.763464636894692e-10 1.4891975308644357e-09 0.008593252649606756 0.002128490712493658 0.0002834800790299522 2877 1766 266.83208006308774 -28.3860077360305 193 2.9823777778744685e-05 2.0336574551983433e-05 1.2664992317216627e-05 8.636148055091041e-06 118.95773500205661 1.0458333938447048e-05 266.83208008716133 -28.38600250374645 2876.9924064624447 1767.8836223805488 790.9207794276673 67228.26626436356 0.0 7.311865975 0 1 "" "" ""
1021 10 229 1.3765284245173133e-10 3.9351851851858143e-10 0.0023416173513896034 0.0017774723237380385 0.0002834800790299522 2877 1784 266.8320800640213 -28.38595773603049 51 1.9638370163343768e-05 8.924774554436563e-06 8.339647950926825e-06 3.7900027958693826e-06 -137.62322643317646 5.6220360235931455e-06 266.83207757404165 -28.3859536154811 2877.7886393980925 1785.483384818648 780.9572725423899 66381.36817833113 0.0 2.316461166 0 1 "" "" ""
1022 10 230 6.504413790835927e-10 2.0138888888892108e-09 0.02182228140846716 0.0052947415970265865 0.0002834800790299522 2886 1798 266.83205164808203 -28.385918846728003 261 4.476200207559891e-05 1.850189326772983e-05 1.9008672093671856e-05 7.85703064944254e-06 156.99129097058105 1.2220954105354576e-05 266.8320561859032 -28.385918434002903 2884.562803921845 1798.1486049541877 778.9991240855156 66214.92555920617 0.0 10.23254104 2 2 161 "" ""
1028 10 231 2.552708311712974e-10 8.024691358025974e-10 0.004257772939063613 0.0020171725191175938 0.0002834800790299522 2907 1815 266.8319853434534 -28.385871623517815 104 3.0065857218863283e-05 1.0810483398062601e-05 1.2767793990163749e-05 4.590789610813135e-06 174.4589791068853 7.655994775536757e-06 266.8319903580584 -28.38587151021228 2905.4117965863716 1815.0408172950117 786.6092509778707 66861.78634565887 0.0 4.480515515 1 1 "" "" ""
1040 10 232 6.889009531183489e-10 2.1296296296299703e-09 0.012463514426303453 0.0022684859577566385 0.0002834800790299522 2940 1856 266.83188115140035 -28.385757733011562 276 4.9857971891632366e-05 1.759299136702534e-05 2.1172731222855327e-05 7.47105555014677e-06 92.9308971417331 1.2577068462653732e-05 266.8318801117293 -28.385780760837264 2940.329130571666 1847.709976796791 798.9940996557303 67914.49848402856 0.0 6.557644927 2 2 163 "bad contour" ""
1046 10 233 6.075136344702848e-10 1.8672839506175828e-09 0.014451708301232625 0.003940010908991098 0.0002834800790299522 2893 1852 266.83202954910337 -28.385768846402236 242 3.901005988934367e-05 1.9828822475633377e-05 1.6566047147280404e-05 8.420525601298237e-06 -161.5877658424906 1.1810792696342962e-05 266.8320386270775 -28.38577240184731 2890.124838838379 1850.720088093932 754.4430113332473 64127.65597398929 0.0 5.717283152 2 2 164 "" ""
1076 10 234 2.5830320085881764e-09 7.947530864198801e-09 0.1360469750690111 0.014650549739599228 0.0002834800790299522 2994 1911 266.8317106550521 -28.385604952416276 1030 9.5484850666831e-05 3.444394024273122e-05 4.054868263429278e-05 1.4626994667984717e-05 -158.41330561696728 2.4353754632204146e-05 266.83173803813116 -28.385621147959313 2985.3272148702895 1905.1697725583917 812.1662383319859 69034.13027167523 0.0 14.33315572 2 2 168 "bad contour" ""
1124 10 235 5.995719547674403e-10 1.8055555555558443e-09 0.013848642462424664 0.003336370689794421 0.0002834800790299522 2943 1925 266.8318716831483 -28.385566066193935 234 5.170910876798267e-05 1.4763583006927153e-05 2.1958836675056015e-05 6.269516449072488e-06 171.19213692520358 1.173334085999209e-05 266.8318694817121 -28.38556632659609 2943.6972297032007 1924.9062425587163 766.0951622515231 65118.088803002305 0.0 4.295771594 2 2 170 "" ""
1144 10 236 3.679706861383217e-10 1.2345679012347653e-09 0.008292763592471494 0.002898020436987281 0.0002834800790299522 2996 1959 266.83170434321823 -28.385471618974517 160 2.7667709521349678e-05 1.6933920928684862e-05 1.1749394430259337e-05 7.191174104542796e-06 166.12505852619364 9.19194979158069e-06 266.83170284323444 -28.385473560217054 2996.475056534799 1958.3011434011914 801.4444665537867 68122.7796699078 0.0 10.11376787 2 2 172 "" ""
1158 10 237 5.027027081538895e-10 1.7824074074076924e-09 0.015691784134035318 0.0048391674645245075 0.0002834800790299522 3011 1989 266.8316569841975 -28.385388284818706 231 3.0169184012416658e-05 2.1216081415293816e-05 1.281167283932312e-05 9.009640231347263e-06 146.49680935874102 1.074376856805956e-05 266.83165426213225 -28.38538751713683 3011.862130234635 1989.276348279916 805.23954699947 68445.36150932459 0.0 11.6895908 2 2 173 "" ""
1186 10 238 3.940299040028264e-11 1.1574074074075926e-10 0.0005227191006163503 0.0013711533974856138 0.0002834800790299522 3012 2006 266.8316538278775 -28.385341062541084 15 9.160367465904636e-06 5.476887240053155e-06 3.890049893720962e-06 2.325819865348213e-06 -177.84335818231773 3.007915444292262e-06 266.83165444193486 -28.385340322078914 3011.8055227529967 2006.2665702624458 799.8460097222451 67986.91083895578 0.0 2.258922017 1 1 "" "" ""
1212 10 239 7.372910477909703e-11 2.1604938271608393e-10 0.0032907724755765113 0.00455451337620616 0.0002834800790299522 3030 2025 266.8315969960824 -28.38528828375341 28 1.0451498808100382e-05 8.982100245671398e-06 4.438342891701951e-06 3.814346775510545e-06 144.51070382427022 4.1145326463127595e-06 266.83159810968687 -28.38528769181864 3029.647306387862 2025.2131037237104 811.4056144095726 68969.47723921915 0.0 4.343361984 2 2 175 "" ""
1230 10 240 3.003743298264744e-11 9.25925925926074e-11 0.0014268877804292544 0.004534734413027763 0.0002834800790299522 3030 2031 266.8315969964695 -28.38527161708674 12 7.918311455055966e-06 4.830006855323991e-06 3.3625972701246886e-06 2.051115058883623e-06 170.2914932678166 2.6262280741995185e-06 266.83159757155823 -28.385271351764757 3029.817861287284 2031.095519636776 809.9599177155415 68846.59302000787 0.0 2.586271173 2 2 175 "" ""
1051 11 241 6.762321956665122e-10 2.152777777778122e-09 0.012187127401295053 0.002419646829366684 0.00027972792902176003 2400 1432 266.8335861434695 -28.38693552729415 279 4.068972831065544e-05 2.116062867033853e-05 1.7279336651018126e-05 8.986091618759095e-06 112.69806488947431 1.2460886896903882e-05 266.83358278800347 -28.386933072196936 2401.0627216021153 1432.8838308045397 830.9625622243774 70631.81780374849 0.0 8.38950977 0 2 "" HII D
1052 11 242 2.7737223618224393e-10 8.179012345680321e-10 0.003753172942624692 0.0014697627630084753 0.00027972792902176003 2433 1442 266.83348194818217 -28.386907749116514 106 3.2021884218969464e-05 1.1028936018860331e-05 1.3598442176734827e-05 4.683557897399917e-06 114.01868810175537 7.980544545905531e-06 266.8334842778166 -28.38690201877534 2432.2621852730094 1444.0629263478968 826.2893384689218 70234.59378399515 0.0 3.142275667 0 2 "" HII D
1069 11 243 4.1046081422304544e-10 1.5200617283953048e-09 0.011783151306968971 0.004246971104294062 0.00027972792902176003 2934 1719 266.83190008806366 -28.386138288867105 197 2.8724800229702267e-05 1.819416788003354e-05 1.2198299522002216e-05 7.726351709306268e-06 159.5673142074169 9.708159061451951e-06 266.8318996610222 -28.386139846262413 2934.1352403539518 1718.4393352652537 866.3704562064687 73641.48879360667 0.0 13.51954647 2 2 158 "" ""
1071 11 244 2.3797958975402986e-10 8.333333333334666e-10 0.005655891832397979 0.0033263154327869415 0.00027972792902176003 2909 1722 266.8319790235721 -28.3861299567554 108 2.852839755777365e-05 1.0621353075686544e-05 1.211489498655032e-05 4.510473357868392e-06 174.5523411895747 7.392151991822717e-06 266.83197759925974 -28.386129897025654 2909.4511013621022 1722.021494923566 844.7704166875375 71805.48543356052 0.0 8.993898189 2 2 159 "" ""
1119 11 245 3.6880750682065694e-10 1.2808641975310691e-09 0.009469576914156069 0.0035746910143643618 0.00027972792902176003 3044 1864 266.83155278206954 -28.385735505173812 166 2.4109124178091386e-05 1.9477617401931978e-05 1.0238202375151992e-05 8.271382538565058e-06 159.69247238676087 9.202395794146626e-06 266.831554175877 -28.385731504375553 3043.558588667893 1865.4402965514676 881.8284408914252 74955.41749403904 0.0 16.20507612 2 2 165 "" ""
1139 11 246 1.1109171105526215e-10 3.240740740741259e-10 0.0029750195609501338 0.0029997355304658413 0.00027972792902176003 2989 1888 266.83172644063575 -28.385668841574955 42 1.3999695373148458e-05 1.010370325551229e-05 5.94512323890315e-06 4.2906477192738085e-06 102.03986675122266 5.050587041701342e-06 266.8317290451627 -28.38566653344255 2988.1751199070945 1888.830943626974 821.7941317210992 69852.50121009497 0.0 1.960444251 1 1 169 "" ""
1257 11 247 2.63689690715884e-10 7.716049382717283e-10 0.0071678159660422 0.003099997527897358 0.00027972792902176003 3059 2009 266.8315054307456 -28.38533272652119 100 3.8306028657616647e-05 8.76483074508809e-06 1.626707261068571e-05 3.722080913818998e-06 164.40703178426787 7.781218444944278e-06 266.83151781200917 -28.385328967285584 3055.078668089867 2010.3534077230809 839.9893755300087 71399.09693569115 0.0 6.071187261 1 2 174 filament ""
1552 11 248 1.3264156505086662e-09 3.91975308642038e-09 0.040473790639388364 0.0057723610661923885 0.00027972792902176003 3059 2422 266.8315054583818 -28.38418550429921 508 6.004058581652761e-05 2.812886630649361e-05 2.5496889218020266e-05 1.1945229685746078e-05 102.07512773324233 1.745182506161676e-05 266.83150001685254 -28.38420897028526 3060.7232657255754 2413.552208455997 827.0559464024038 70299.75545964415 0.0 11.76974326 2 2 178 "" ""
1553 11 249 3.2842087326916283e-10 1.2654320987656344e-09 0.01161084223667055 0.005458149593323469 0.00027972792902176003 3090 2397 266.8314075786198 -28.38425494688369 164 2.5717431998926494e-05 1.6260004586987315e-05 1.0921187822056479e-05 6.904988184255758e-06 -179.4982709206807 8.683931878437202e-06 266.8314074242134 -28.384253684206 3090.0489136778315 2397.4545628897504 852.8921534920532 72495.83306255327 0.0 21.86957788 2 2 179 "" ""
1575 11 250 8.111658836657846e-11 2.391975308642358e-10 0.001752515247812268 0.002171075902879238 0.00027972792902176003 3072 2428 266.8314644131663 -28.38416883686108 31 1.2852978209841852e-05 8.035694506139317e-06 5.4581572961227814e-06 3.4124452622593943e-06 177.45220902957473 4.3157459385163915e-06 266.8314661209058 -28.384166794865337 3071.459139230851 2428.7351301134313 840.6791089128814 71457.724273274 0.0 2.776011034 1 2 181 "" ""
1579 11 251 2.9563379485811877e-10 8.719135802470531e-10 0.007347152417624461 0.0030523596797138453 0.00027972792902176003 3060 2440 266.8315023022321 -28.38413550424031 113 3.198458002599799e-05 1.1768766275959362e-05 1.3582600544568416e-05 4.997734880333366e-06 152.97081265791968 8.239067696482687e-06 266.8314933838616 -28.38413921886186 3062.8246057097945 2438.662676193464 834.4324089078532 70926.75477321527 0.0 8.688702684 2 2 182 "" ""
1595 11 252 4.865295674179311e-10 1.8672839506175828e-09 0.018816312440182184 0.005639227107167244 0.00027972792902176003 3055 2470 266.83151809100036 -28.384052171200796 242 3.091528095121723e-05 2.003796220674171e-05 1.3128511036948861e-05 8.509339067766578e-06 159.34125503983535 1.0569529406189929e-05 266.83151722424066 -28.384049508969575 3055.2745413383345 2470.9583974493416 835.038741814442 70978.29306865814 0.0 23.88216963 2 2 183 "" ""
