public/catalog_NB3_4RMS_30.0rings_0.7mindelta3npix_final_Nazar_review.csv
# %ECSV 1.0
# ---
# datatype:
# - {name: _idx, datatype: int64}
# - {name: c_ID, datatype: int64}
# - {name: _name, datatype: int64}
# - {name: area_ellipse, unit: deg2, datatype: float64}
# - {name: area_exact, unit: deg2, datatype: float64}
# - {name: flux, unit: Jy, datatype: float64}
# - {name: peak, unit: Jy / beam, datatype: float64}
# - {name: ring_std, unit: Jy / beam, datatype: float64}
# - {name: x_peak_px, datatype: int64}
# - {name: y_peak_px, datatype: int64}
# - {name: x_peak, datatype: float64}
# - {name: y_peak, datatype: float64}
# - {name: npix, datatype: int64}
# - {name: major_fwhm, unit: deg, datatype: float64}
# - {name: minor_fwhm, unit: deg, datatype: float64}
# - {name: major_sigma, unit: deg, datatype: float64}
# - {name: minor_sigma, unit: deg, datatype: float64}
# - {name: position_angle, unit: deg, datatype: float64}
# - {name: radius, datatype: float64}
# - {name: x_cen, datatype: float64}
# - {name: y_cen, datatype: float64}
# - {name: x_cen_px, datatype: float64}
# - {name: y_cen_px, datatype: float64}
# - {name: radial_d_px, datatype: float64}
# - {name: radial_d_AU, unit: AU, datatype: float64}
# - {name: rejected, datatype: float64}
# - {name: 100.0GHz_snr, datatype: float64}
# - {name: core_score, datatype: int64}
# - {name: detection_score, datatype: int64}
# - {name: G2018, datatype: string}
# - {name: notes, datatype: string}
# - {name: Schmiedeke16, datatype: string}
# schema: astropy-2.0
_idx c_ID _name area_ellipse area_exact flux peak ring_std x_peak_px y_peak_px x_peak y_peak npix major_fwhm minor_fwhm major_sigma minor_sigma position_angle radius x_cen y_cen x_cen_px y_cen_px radial_d_px radial_d_AU rejected 100.0GHz_snr core_score detection_score G2018 notes Schmiedeke16
[from data line 215]
15584 3 216 1.6649561416132966e-09 4.650000000000001e-09 0.002364271375110128 0.0004961931263096631 3.1543457265984666e-05 3049 3392 266.8331529429333 -28.37023556175748 186 7.749945303129836e-05 2.7354052289569135e-05 3.291098748493955e-05 1.1616196467874733e-05 64.22019633936408 1.9552506145679238e-05 266.8331529344354 -28.370234902831577 3049.001495302271 3392.131785182185 320.9568368211902 49106.39603787514 0.0 5.225813808 0 2 "" filament ""
15585 3 217 2.81766220520302e-10 8.000000000000001e-10 0.00028797619925513546 0.00024315359769389033 3.1543457265984666e-05 3158 3384 266.83253355103903 -28.370275560948414 32 2.336695840394372e-05 1.5353388999887535e-05 9.923033589446369e-06 6.519983992953375e-06 78.46008097353071 8.043507951430706e-06 266.83253853592373 -28.370281658499945 3157.1227598847413 3382.7804932306544 322.22724779739536 49300.76891776751 0.0 2.70679553 0 0 "" "" ""
15796 3 218 2.8345425905495007e-10 8.500000000000002e-10 0.0002698794492044971 0.0002162209857488051 3.1543457265984666e-05 3085 3401 266.8329483732255 -28.370190561799873 34 2.418813293488796e-05 1.4921007632050743e-05 1.0271754304932484e-05 6.336368532082304e-06 179.70197088381616 8.067565974137127e-06 266.832940836821 -28.37019051780701 3086.326250303925 3401.0087977205226 329.3205587649736 50386.045495674756 0.0 2.693150203 0 0 "" "" ""
15843 3 219 9.629179750482412e-10 2.7250000000000004e-09 0.0011990208909473396 0.0003336733498144895 3.1543457265984666e-05 3065 3410 266.8330620230155 -28.370145561813988 109 4.8328454931735934e-05 2.5369031947238204e-05 2.0523205173880178e-05 1.0773235942496311e-05 -148.77354950113127 1.4869476508420603e-05 266.83306568602194 -28.37015339198477 3064.355387415222 3408.433965623969 336.5208066777466 51487.683426821204 0.0 8.031807524 0 0 "" "" ""
15926 3 220 1.4455864264212337e-10 4.250000000000001e-10 0.0001444862236388735 0.00022778553829994053 3.1543457265984666e-05 3079 3410 266.83298246818447 -28.370145561813988 17 2.0354148190609298e-05 9.042919024990626e-06 8.643610892288707e-06 3.840174133081908e-06 175.88287862115436 5.76133413064996e-06 266.8329896998396 -28.37014647340485 3077.7273786616183 3409.8176822101145 337.8662298604989 51693.53317386922 0.0 2.773396112 0 0 "" "" ""
15947 3 221 3.522215459936522e-10 1.5000000000000002e-09 0.0010725868474945395 0.0010338000720366836 3.1543457265984666e-05 3283 3415 266.8318232409289 -28.370120556574225 60 2.3696302527640588e-05 1.8925738957413464e-05 1.006289316147262e-05 8.03702134154575e-06 132.58321790202447 8.993091075734208e-06 266.83182358723616 -28.370120773346542 3282.93905665656 3414.956646143151 402.6345076578978 61603.0796809461 0.0 27.08160031 2 2 "" "" ""
16057 3 222 4.910539932438459e-10 1.5000000000000002e-09 0.0003813208592212252 0.000195013199117966 3.1543457265984666e-05 3105 3423 266.83283472361313 -28.370080561691413 60 3.2966173749953365e-05 1.8966107865821494e-05 1.3999445018959013e-05 8.054164438528135e-06 -149.43364340017447 1.0618560741966377e-05 266.8328332219323 -28.370078346313868 3105.2642655332384 3423.4430751005502 353.01380482581266 54011.11214432214 0.0 5.908952858 0 0 "" "" ""
12541 4 223 3.4784171275818394e-10 1.2250000000000002e-09 0.0004362664936087469 0.00037300234544090927 3.1543457265984666e-05 3536 3085 266.83038553081445 -28.371770536453116 49 2.292063959237233e-05 1.9322905990197973e-05 9.733499441173258e-06 8.205682651195544e-06 118.11115749772799 8.93700215395839e-06 266.8303833983429 -28.371769437676196 3536.375269814781 3085.2197471718882 464.56340033502346 71078.2002662333 0.0 14.64859499 2 2 251 "" ""
14463 4 224 5.704406249814879e-10 2.4500000000000004e-09 0.001576701332542234 0.0009909045184031129 3.1543457265984666e-05 3450 3290 266.8308742530143 -28.37074554498504 98 3.075364612679246e-05 2.36173598398174e-05 1.3059871046914018e-05 1.0029369288601838e-05 111.33186828713531 1.1444748559536806e-05 266.83086910008706 -28.370747126451718 3450.9067975322832 3289.6836904905213 436.9857552847045 66858.82057011928 0.0 27.05296475 2 2 "" resolved? ""
15085 4 225 5.268630473625684e-10 2.1e-09 0.001123321431250421 0.0006909737712703645 3.1543457265984666e-05 3397 3339 266.8311754308427 -28.37050054937495 84 2.8623649258251183e-05 2.343636484645554e-05 1.2155344659415358e-05 9.952507791799232e-06 58.6336960438069 1.099891642094059e-05 266.8311763991413 -28.3705006200888 3396.8295998757953 3338.98585983899 420.47082932045856 64332.03689595792 0.0 37.72784659 2 2 "" "" ""
15377 4 226 2.11979561452259e-10 6.500000000000001e-10 0.0001547439572458436 0.0001746944762999192 3.1543457265984666e-05 3430 3362 266.83098791031847 -28.370385546719348 26 1.8388841746976734e-05 1.4677670245013363e-05 7.809022088876881e-06 6.23303265826432e-06 138.0121250863789 6.976667521752563e-06 266.8309902972764 -28.370383837447992 3429.5799516327397 3362.3418613542053 460.61026721545954 70473.37089758647 0.0 3.993665019 1 1 "" "" ""
15479 4 227 5.990870451569741e-10 2.0750000000000004e-09 0.0008711069678900053 0.0005063929711468518 3.1543457265984666e-05 3418 3375 266.83105610153245 -28.370320547714684 83 3.694792059681144e-05 2.0645121310919477e-05 1.5690337219091336e-05 8.767175799477339e-06 151.45403746689456 1.1728595173884046e-05 266.8310514593525 -28.370321109217116 3418.8169241901783 3374.8876861755334 460.4594763293553 70450.29989217958 0.0 11.09372743 2 2 "" "" ""
16083 4 228 4.413202908023793e-10 1.7250000000000004e-09 0.000903681099874555 0.0006732098408974707 3.1543457265984666e-05 3349 3426 266.8314481976297 -28.37006555277942 69 2.729970910490843e-05 2.0583223446991232e-05 1.1593119042160026e-05 8.74089019686458e-06 92.58126096771977 1.0066487996650106e-05 266.8314497995274 -28.370063574823988 3348.7181041796116 3426.3955947609284 449.6322350173647 68793.73197070808 0.0 20.53202514 2 2 "" "" ""
16248 4 229 1.0268756303284532e-09 4.050000000000001e-09 0.0025247675826261832 0.0009682033560238779 3.1543457265984666e-05 3412 3441 266.83109020252556 -28.369990548199535 162 5.554378970272801e-05 2.3539641900715567e-05 2.3587275732570043e-05 9.996365518625516e-06 122.93509506858146 1.5355358342004772e-05 266.8310993968125 -28.369980585524157 3410.3820256456306 3442.9925609425964 502.13332448144337 76826.3986627542 0.0 37.07880241 2 2 "" resolved? ""
16311 4 230 4.217894423138924e-10 1.3250000000000003e-09 0.00034174098119742717 0.00020473678887356073 3.1543457265984666e-05 3238 3445 266.83207895415916 -28.369970558573012 53 3.176653941743577e-05 1.6906095230689268e-05 1.3490007223468434e-05 7.1793576185848504e-06 58.90796780239676 9.84121873217808e-06 266.8320753431284 -28.369966894027506 3238.6354733126605 3445.7329041181897 409.1988081443424 62607.41765555878 0.0 4.410397078 0 0 "" "" ""
16480 4 231 6.698624903754194e-10 2.7000000000000006e-09 0.001569202442688312 0.000797123066149652 3.1543457265984666e-05 3305 3460 266.8316982290316 -28.36989555542324 108 3.525767588941759e-05 2.4190758784391165e-05 1.4972556380185816e-05 1.0272869400546158e-05 169.5306029538682 1.2402060969289056e-05 266.83169028640583 -28.369893964842987 3306.3977441858024 3460.3181006583027 453.57827304475745 69397.47578858511 0.0 17.69379381 2 2 112 "" ""
16638 4 232 2.6345877110114303e-10 8.250000000000001e-10 0.0010694389534730675 0.0010209308238700032 3.1543457265984666e-05 2788 3477 266.83463606707716 -28.369810552316604 33 2.2224460979707537e-05 1.5093812039628706e-05 9.43785960485802e-06 6.409751807353215e-06 82.0306494875477 7.77781059552009e-06 266.83463629073975 -28.369811432281995 2787.960642252016 3476.8240063932126 494.530922088942 75663.23109724176 0.0 5.58125052 1 2 "" "" ""
16676 4 233 9.183075812816184e-10 2.8250000000000005e-09 0.0009403979959204335 0.00034193904139101505 3.1543457265984666e-05 3148 3488 266.8325903781046 -28.369755561139026 113 5.452272498337397e-05 2.1445102625026267e-05 2.3153669469743866e-05 9.106896584424316e-06 133.75975795756597 1.4520952909878193e-05 266.8325873796861 -28.369766015120042 3148.5276538583043 3485.909201900553 420.92435095039247 64401.42570573876 0.0 5.719096155 1 2 "" "" ""
16826 4 234 7.188954049625965e-10 2.6500000000000006e-09 0.001163814482102725 0.0005171662196516991 3.1543457265984666e-05 3166 3497 266.8324880939244 -28.369710560778465 106 3.8026956179857844e-05 2.4070862709370608e-05 1.614856144107524e-05 1.0221954225404194e-05 119.09867970182414 1.2847951426464776e-05 266.8324925976936 -28.369711736903515 3165.207425759166 3496.764778486203 434.87094782140053 66535.25502807727 0.0 10.67252273 1 2 "" "" ""
16934 4 235 2.0826038382092408e-10 6.250000000000001e-10 0.00032210795203537444 0.00034881013561971486 3.1543457265984666e-05 3213 3504 266.8322210183509 -28.36967555947709 25 3.432071753570062e-05 7.726233299759611e-06 1.4574666802298918e-05 3.2810291877985375e-06 113.1275768603598 6.9151939365994015e-06 266.83222114540797 -28.36967158028565 3212.97764577605 3504.7958384389035 455.17791508221364 69642.22102078225 0.0 5.835512024 0 1 "" filament ""
17045 4 236 1.0439348065114525e-09 2.6000000000000005e-09 0.0014628805131433064 0.0004862780624534935 3.1543457265984666e-05 3203 3522 266.8322778436099 -28.36958555979752 104 6.820637965175879e-05 1.948793813279774e-05 2.8964582578479943e-05 8.275765349424657e-06 110.71604542279036 1.5482379948300373e-05 266.83226963972254 -28.369587715819247 3204.4437189279133 3521.568786692176 468.671988336546 71706.81422973784 0.0 4.929430009 0 2 "" filament ""
17065 4 237 7.916954255826541e-10 2.9000000000000003e-09 0.0013143067211772463 0.0006377955432981253 3.1543457265984666e-05 3156 3518 266.8325449190431 -28.36960556098811 116 3.3487979651508704e-05 3.0101400416846136e-05 1.4221035582813961e-05 1.2782887796613144e-05 -169.9756913841217 1.3482800236106515e-05 266.83254912830205 -28.36960009845896 3155.2592582564016 3519.0925087474166 454.77886435438586 69581.16625955628 0.0 15.13424667 2 2 "" "" ""
17150 4 238 9.36096691070861e-10 2.9500000000000004e-09 0.0008888818255194552 0.00036553508834913373 3.1543457265984666e-05 3257 3536 266.83197099157474 -28.36951555778698 118 4.717167245881735e-05 2.5267190120616025e-05 2.003196488765976e-05 1.0729987700730627e-05 87.70034140098323 1.4660925511919668e-05 266.8319675436117 -28.369526840416633 3257.6067538360417 3533.743468768729 497.6513820136857 76140.66146554166 0.0 10.09411906 2 2 "" "" ""
17154 4 239 4.3338454879500155e-10 1.2000000000000002e-09 0.00030751195659102574 0.00018481543520465493 3.1543457265984666e-05 3229 3528 266.83213009995575 -28.369555558915252 48 3.170707090591945e-05 1.7403428453533702e-05 1.3464753271837687e-05 7.39055559266949e-06 74.37761890605258 9.975570539928773e-06 266.8321295597871 -28.369544425361692 3229.0950754859678 3530.2267100054855 484.40745298188097 74114.34032212013 0.0 4.185149481 0 0 "" "" ""
17234 4 240 4.87489621686562e-10 1.1750000000000002e-09 0.0005788285930148156 0.00036258428008295596 3.1543457265984666e-05 3208 3543 266.832249432085 -28.369480559640145 47 3.605502100992233e-05 1.7215400623709768e-05 1.5311157676784792e-05 7.310707525204333e-06 57.84943068545836 1.0579952535208307e-05 266.8322575522853 -28.369492644360324 3206.570988911795 3540.583065076459 487.52378396663676 74591.13896327019 0.0 6.146090454 1 1 "" "" ""
17250 4 241 3.6081569748671363e-10 9.750000000000003e-10 0.0002643006166530486 0.00019101430370938033 3.1543457265984666e-05 3180 3543 266.83240854074984 -28.369480560445105 39 3.792395152538315e-05 1.211404975598145e-05 1.610481939178699e-05 5.144363273764401e-06 149.36019778589616 9.102144879626874e-06 266.8323994489365 -28.369485926162188 3181.599975041857 3541.926848378207 482.5384931338123 73828.38946520441 0.0 2.440558623 0 0 "" "" ""
17251 4 242 8.848468068812936e-10 2.9000000000000003e-09 0.0010226972375904661 0.0003482587926555425 3.1543457265984666e-05 3240 3544 266.8320675936559 -28.369475558493978 116 4.765948064849154e-05 2.363939159321428e-05 2.023911795258442e-05 1.0038725312831108e-05 142.47997209549942 1.425394491710922e-05 266.8320688746207 -28.369474568355237 3239.774576909499 3544.198029532216 501.11803774287444 76671.05979216614 0.0 5.876299536 1 1 "" "" ""
17276 4 243 7.468921041944853e-10 2.6250000000000003e-09 0.0014781091619865767 0.0006716142524965107 3.1543457265984666e-05 3220 3548 266.83218124285537 -28.369455559238585 105 3.531450950278238e-05 2.6929122514017265e-05 1.4996691393595743e-05 1.1435745406890885e-05 107.93910999960872 1.3095737654781901e-05 266.8321841972129 -28.36945790694202 3219.4800877202465 3547.5304629345956 497.8750821770077 76174.88759026589 0.0 9.340120095 2 2 "" "" ""
17340 4 244 1.636917706552971e-10 5.000000000000001e-10 0.00014186431515843433 0.00019728193001355976 3.1543457265984666e-05 3185 3550 266.8323801287001 -28.369445560314862 20 1.8299429559988852e-05 1.1389556334117077e-05 7.771052229066762e-06 4.8366992450870635e-06 168.1487114461375 6.130761979547024e-06 266.8323831654082 -28.369442317989645 3184.465602277941 3550.6484678853826 491.68370677170515 75227.6071525296 0.0 6.842543641 0 0 "" "" ""
17351 4 245 2.9643726826795276e-10 8.500000000000002e-10 0.00023145887383333713 0.00018347162404097617 3.1543457265984666e-05 3170 3553 266.8324653655354 -28.36943056068776 34 2.4510286107857103e-05 1.5399333840291263e-05 1.040856016134981e-05 6.539494970236194e-06 64.49813969339124 8.250256167086445e-06 266.83246262605724 -28.369428968206513 3170.48209606549 3553.3184940174124 491.29035806602394 75167.42480081883 0.0 2.365353394 0 0 "" "" ""
17378 4 246 4.0748814356004225e-10 1.7500000000000004e-09 0.001232789457678127 0.0010185325518250465 3.1543457265984666e-05 3072 3557 266.8330222456 -28.36941056181928 70 2.463452699560276e-05 2.1061449708886995e-05 1.0461320408574571e-05 8.943974191713739e-06 137.40970679084725 9.672940594542034e-06 266.83302380189855 -28.369411103544696 3071.726121839091 3556.891654918574 484.89173226496723 74188.43505254523 0.0 34.96792031 2 2 "" "" ""
17389 4 247 5.235579495940397e-10 1.5500000000000002e-09 0.00046956194959581996 0.0002242926275357604 3.1543457265984666e-05 3189 3560 266.8323573992116 -28.369395560206442 62 2.9458681435851345e-05 2.2629187795896983e-05 1.2509950175604255e-05 9.609731258933447e-06 60.64915191346188 1.0964363148409678e-05 266.83236280661487 -28.369400790830557 3188.0483967537075 3558.9538804000713 500.59096278877513 76590.41732439486 0.0 4.453685784 0 0 "" "" ""
17396 4 248 3.551845903863146e-10 9.750000000000003e-10 0.00026916459654760625 0.00018732110038399696 3.1543457265984666e-05 3180 3556 266.83240854112586 -28.369415560445052 39 3.9995235765763824e-05 1.1307415914870912e-05 1.698441282176115e-05 4.801817420711781e-06 156.76714229646456 9.0308387964847e-06 266.83242545821616 -28.369406998334956 3177.0229310165078 3557.712436958438 496.9370055202196 76031.36186181955 0.0 4.487267036 0 0 "" "" ""
14032 5 249 7.424070378704548e-10 2.8750000000000005e-09 0.0014079252757914944 0.0006632527220062912 3.1543457265984666e-05 3628 3251 266.82986275863493 -28.370940525396822 115 3.8398881249055514e-05 2.461733418131331e-05 1.6306503475746845e-05 1.0454019292582404e-05 143.0949266442354 1.3056358678054902e-05 266.829861880441 -28.370941832423608 3628.154535904927 3250.7385905925507 584.1706527844719 89378.10990437241 0.0 36.96123341 2 2 "" "" ""
14119 5 250 3.032442147140632e-10 9.000000000000002e-10 0.0002155968238121074 0.0001722461311146617 3.1543457265984666e-05 3583 3256 266.83011847319233 -28.370915531054067 36 2.7679930014463387e-05 1.3949063420352645e-05 1.1754583995865209e-05 5.92362182825283e-06 158.55332738343185 8.344441883070343e-06 266.8301156837373 -28.370916814922584 3583.4908764708516 3255.7432144713566 543.4928569697922 83154.40713907035 0.0 5.351213732 0 0 "" "" ""
