public/catalog_MB3_4RMS_30.0rings_0.7mindelta3npix_final_Nazar_review.csv
# %ECSV 1.0
# ---
# datatype:
# - {name: _idx, datatype: int64}
# - {name: c_ID, datatype: int64}
# - {name: _name, datatype: int64}
# - {name: area_ellipse, unit: deg2, datatype: float64}
# - {name: area_exact, unit: deg2, datatype: float64}
# - {name: flux, unit: Jy, datatype: float64}
# - {name: peak, unit: Jy / beam, datatype: float64}
# - {name: ring_std, unit: Jy / beam, datatype: float64}
# - {name: x_peak_px, datatype: int64}
# - {name: y_peak_px, datatype: int64}
# - {name: x_peak, datatype: float64}
# - {name: y_peak, datatype: float64}
# - {name: npix, datatype: int64}
# - {name: major_fwhm, unit: deg, datatype: float64}
# - {name: minor_fwhm, unit: deg, datatype: float64}
# - {name: major_sigma, unit: deg, datatype: float64}
# - {name: minor_sigma, unit: deg, datatype: float64}
# - {name: position_angle, unit: deg, datatype: float64}
# - {name: radius, datatype: float64}
# - {name: x_cen, datatype: float64}
# - {name: y_cen, datatype: float64}
# - {name: x_cen_px, datatype: float64}
# - {name: y_cen_px, datatype: float64}
# - {name: radial_d_px, datatype: float64}
# - {name: radial_d_AU, unit: AU, datatype: float64}
# - {name: rejected, datatype: float64}
# - {name: 100.0GHz_snr, datatype: float64}
# - {name: core_score, datatype: int64}
# - {name: detection_score, datatype: int64}
# - {name: G2018, datatype: string}
# - {name: notes, datatype: string}
# - {name: Schmiedeke16, datatype: string}
# schema: astropy-2.0
_idx c_ID _name area_ellipse area_exact flux peak ring_std x_peak_px y_peak_px x_peak y_peak npix major_fwhm minor_fwhm major_sigma minor_sigma position_angle radius x_cen y_cen x_cen_px y_cen_px radial_d_px radial_d_AU rejected 100.0GHz_snr core_score detection_score G2018 notes Schmiedeke16
[from data line 215]
20507 7 216 3.1821641132514354e-10 1.1750000000000002e-09 0.0007964367730045889 0.0007787648355588317 5.0662546532502025e-05 3775 3178 266.8300644297304 -28.38413328133968 47 2.226079556063038e-05 1.8201174144241186e-05 9.45328948069907e-06 7.729326995771335e-06 141.8467066537978 8.547956807448695e-06 266.8300636776097 -28.384132418879187 3775.132345905994 3178.172487711815 711.1031521559878 108798.78233199441 0.0 25.17462648 2 2 "" "" ""
20532 7 217 6.252000405570506e-10 2.2750000000000005e-09 0.0014631309165108182 0.0007601901306770742 5.0662546532502025e-05 3868 3186 266.8295358903614 -28.384093264905584 91 3.332144730650462e-05 2.388980766667915e-05 1.4150315807281434e-05 1.0145067227999228e-05 82.31118167127595 1.1981481759878046e-05 266.82953887611035 -28.384093275398154 3867.474639132829 3185.9979211965265 803.6015353025615 122951.03497631178 0.0 12.61055378 2 2 "" "" ""
23065 7 218 1.7940874186961138e-10 5.25e-10 0.00018720767321928232 0.00024139425659086555 5.0662546532502025e-05 2765 3771 266.8358044506883 -28.381168328487494 21 1.8962315233427814e-05 1.2046745927932865e-05 8.05255385584192e-06 5.1157819695621516e-06 56.94732853182997 6.418341672476176e-06 266.8358083989333 -28.38117319998009 2764.3052771134344 3770.0256914158663 762.8341290010815 116713.62180223304 0.0 3.885438597 0 0 "" "" ""
16420 8 219 5.415584736887368e-10 1.8250000000000002e-09 0.001114312474872735 0.0007833263953216374 5.0662546532502025e-05 3562 2411 266.83127485856346 -28.387968311296362 73 3.8669084890749465e-05 1.7831955570610723e-05 1.6421248397450786e-05 7.572534303943534e-06 129.72076756898875 1.1151254046217128e-05 266.83128038153416 -28.387965306748633 3561.028248897177 2411.600931981141 821.7515179539475 125727.98232773218 0.0 14.20602796 2 2 148 "" ""
16459 8 220 2.6578167765859246e-10 9.000000000000002e-10 0.0004658488985240378 0.00046851206570863724 5.0662546532502025e-05 3547 2415 266.83136011071673 -28.38794831300281 36 2.227370231115059e-05 1.519323096013303e-05 9.458770472992914e-06 6.451971135625926e-06 145.58999437274895 7.812023685976705e-06 266.8313602294315 -28.38795063134923 3546.979101784785 2414.536331185286 811.0879255318655 124096.45268348606 0.0 6.349210788 2 2 148 "" ""
19464 8 221 5.826619721046578e-10 1.7750000000000004e-09 0.0007524467988770083 0.0003620132338255644 5.0662546532502025e-05 3926 2970 266.82920621328327 -28.385173253623037 71 3.9266744802221e-05 1.889336378826714e-05 1.667505119343628e-05 8.023272873073757e-06 142.3438775813941 1.1566697276985055e-05 266.82921715753105 -28.385169464309236 3924.074342736053 2970.7579402224364 858.0679694622568 131284.39941885162 0.0 8.351082042 2 2 "" multiple? ""
19483 8 222 7.146446243793782e-10 2.5250000000000003e-09 0.0015720397915183874 0.0007441344787366688 5.0662546532502025e-05 3965 2975 266.8289845660484 -28.385148245591058 101 3.718469937115759e-05 2.4470529620272786e-05 1.579088790654017e-05 1.039167713554569e-05 169.53993619062885 1.2809910569881368e-05 266.82898676286055 -28.385150105134585 3964.613445657688 2974.628107569069 897.9087085024128 137380.0325055271 0.0 18.36615093 2 2 "" "" ""
19977 8 223 6.422265376855519e-10 2.2250000000000005e-09 0.0012252599254952473 0.0005781505024060607 5.0662546532502025e-05 3913 3069 266.82928011840687 -28.384678256221065 89 3.203003113087457e-05 2.552985797979535e-05 1.3601901851677843e-05 1.0841532470248618e-05 106.53082297493778 1.2143535752905746e-05 266.8292812815728 -28.384680658473552 3912.7953159230037 3068.519557620941 840.8025194760168 128642.7855653802 0.0 27.50737163 2 2 "" "" ""
21024 8 224 1.285438348410023e-10 4.0000000000000007e-10 0.00015786023405823073 0.0002972537185996771 5.0662546532502025e-05 3891 3275 266.8294051954846 -28.383648260527004 16 1.4596922458033321e-05 1.121262928112365e-05 6.198742230360738e-06 4.7615652435030475e-06 94.78216852959238 5.432836787307368e-06 266.82940356797707 -28.38364731326758 3891.2863784180013 3275.189440822806 844.1066986602873 129148.32498196971 0.0 8.102980753 2 2 "" "" ""
18865 9 225 1.3674976942029242e-10 4.250000000000001e-10 0.00015917879138924632 0.00026367558166384697 5.0662546532502025e-05 4045 2853 266.82852987089274 -28.385758227992294 17 1.4806600751579058e-05 1.1759497090155895e-05 6.287784403238531e-06 4.993798619546463e-06 106.31085251553733 5.603563961703155e-06 266.8285266349246 -28.38575891095719 4045.5693731759357 2852.8633808891905 997.9269423266917 152682.8223198756 0.0 4.111227827 2 2 "" "" ""
19184 9 226 2.4080758011171704e-10 6.500000000000001e-10 0.00023695068093493543 0.00026444188551977277 5.0662546532502025e-05 4022 2912 266.8286606023773 -28.385463233206604 26 2.2444271464732347e-05 1.3660989356847959e-05 9.531204523289745e-06 5.801288037136788e-06 -139.34868173604207 7.435943973730897e-06 266.82865645641584 -28.385460366982123 4022.729523550913 2912.5732122040213 964.0039043584266 147492.59749710286 0.0 6.938376298 2 2 "" "" ""
19209 9 227 1.5227096081966857e-10 4.750000000000001e-10 0.0001885538355593112 0.0003081860195379704 5.0662546532502025e-05 4033 2920 266.8285980880424 -28.38542323072853 19 1.4917998626146185e-05 1.2996428973652494e-05 6.335090724926337e-06 5.519075226608954e-06 75.82845639148964 5.913023108213015e-06 266.8286023851597 -28.385423395221444 4032.2439039310084 2919.9671356675954 972.2048893488343 148747.34820388554 0.0 4.38269986 2 2 "" "" ""
19422 9 228 5.639403974987994e-10 1.7250000000000004e-09 0.0008665594831086289 0.0005739472690038383 5.0662546532502025e-05 4005 2960 266.8287572306267 -28.38522323698052 69 4.9048762762436514e-05 1.4639379240939167e-05 2.0829091745646267e-05 6.216771966006754e-06 145.3917905145815 1.1379354711129995e-05 266.8287666177579 -28.3852147067344 4003.34836938304 2961.7061218254344 937.8563454576789 143492.02097582302 0.0 12.9082831 2 2 "" "" ""
20166 9 229 2.9612475689655195e-10 9.000000000000002e-10 0.0003435645579924934 0.0002758717746473849 5.0662546532502025e-05 4066 3123 266.82841059300404 -28.38440822312412 36 2.8325845815925803e-05 1.3310958907835029e-05 1.2028879181531478e-05 5.652643791581145e-06 103.69213169599969 8.245906210063488e-06 266.828410702419 -28.38440571827352 4065.9807713111486 3123.5009710239415 995.3140829671379 152283.05483699162 0.0 3.986739002 1 2 "" "" ""
20208 9 230 2.5256532042357983e-10 8.500000000000002e-10 0.00042975048102351275 0.0004767829377669841 5.0662546532502025e-05 4073 3130 266.82837081211704 -28.384373221477876 34 1.9586362652064766e-05 1.641864975678341e-05 8.317562394372834e-06 6.9723585848648664e-06 113.1085574088953 7.615315329357978e-06 266.8283732472955 -28.384374144519704 4072.5715078877133 3129.8154118558364 1002.2404722643925 153342.79240156215 0.0 10.02534079 2 2 "" "" ""
20380 9 231 4.3816307399290896e-10 1.3000000000000003e-09 0.0005049179988684503 0.0002904069551732391 5.0662546532502025e-05 4008 3158 266.8287402304059 -28.38423323632048 52 3.324555985805757e-05 1.678106950807082e-05 1.4118089375114276e-05 7.126264082676545e-06 -154.07228499324216 1.0030415406646638e-05 266.8287392677715 -28.384235012510587 4008.169365516046 3157.6447545010355 940.0787759035192 143832.0528340102 0.0 5.465838374 1 2 "" extended ""
20846 9 232 3.3560530551322955e-10 1.1500000000000002e-09 0.0005988823793817079 0.0005066847079433501 5.0662546532502025e-05 4063 3236 266.82842767277015 -28.383843223826716 46 2.4386850554235164e-05 1.7522279898041433e-05 1.0356141908038943e-05 7.441027154077559e-06 125.95760300735242 8.778401514467104e-06 266.8284301895352 -28.38384092725732 4062.557180205291 3236.459334569221 1004.1167262739966 153629.85926723265 0.0 13.88104273 2 2 "" "" ""
21091 9 233 2.8883186439517883e-10 9.500000000000002e-10 0.0004702606161967949 0.00044621058623306453 5.0662546532502025e-05 4052 3303 266.82849020580574 -28.3835082263829 38 2.289796126638781e-05 1.6060749172925558e-05 9.723868842846911e-06 6.820372200761725e-06 151.6576261070858 8.143734078394638e-06 266.8284912998189 -28.383509518103654 4051.807488704496 3302.7416647467453 1006.61036691041 154011.38628580424 0.0 7.110632461 2 2 "" "" ""
23886 9 234 6.702724148319397e-10 1.9000000000000005e-09 0.0007901719566134062 0.0003123083442915231 5.0662546532502025e-05 3283 4034 266.8328606309127 -28.379853334346144 76 3.568913113985089e-05 2.391293501400008e-05 1.515577855520668e-05 1.0154888508130478e-05 55.89508335151744 1.2405855129012214e-05 266.8328600332089 -28.379843929373216 3283.1051925734278 4035.8809935337313 986.7279118516092 150969.37065326623 0.0 3.999378016 1 2 229 multiple? ""
20148 10 235 9.530650206012925e-11 2.7500000000000003e-10 0.00014035061866174024 0.00033501858706586063 5.0662546532502025e-05 4110 3111 266.8281605265729 -28.384468212584075 11 1.4205632837703204e-05 8.542391220252512e-06 6.032576827974343e-06 3.6276195449747155e-06 -170.05846441718734 4.678022403507844e-06 266.82816207603537 -28.384466845671525 4109.727376946637 3111.273395854082 1038.4702732801068 158885.95197529718 0.0 2.988649156 1 2 "" "" ""
20157 10 236 2.3256410335315894e-09 5.775000000000001e-09 0.006750820019399169 0.0021534371189773083 5.0662546532502025e-05 4118 3118 266.8281150624925 -28.384433210618717 231 7.411001810633474e-05 3.995611684913522e-05 3.147162699872496e-05 1.696780054741299e-05 107.67505091636578 2.31085328356636e-05 266.8281157018227 -28.38441605406423 4117.887675528446 3121.4313164426894 1047.0551489141124 160199.43795005605 0.0 12.78427393 2 2 132 "bad contour" ""
20209 10 237 6.480441591326723e-10 2.2000000000000003e-09 0.0013378942216787702 0.0006918831495568156 5.0662546532502025e-05 4137 3131 266.82800708438714 -28.384368205890492 88 4.162589790226311e-05 1.982250327877815e-05 1.767689127247769e-05 8.41784208547351e-06 161.93716491082637 1.2198412982589255e-05 266.8280175254018 -28.38436559945675 4135.162870517017 3131.5213789307195 1064.8277249376058 162918.64209047516 0.0 9.076652145 2 2 "" multiple? ""
20312 10 238 4.086332053751829e-10 1.2250000000000002e-09 0.0004762759815895643 0.00028404436307027936 5.0662546532502025e-05 4150 3151 266.8279332079153 -28.384268202606428 49 2.7948272993356024e-05 1.8616420926947583e-05 1.186853876682908e-05 7.905666068297337e-06 116.81777786487518 9.686521780762802e-06 266.8279368410901 -28.384272313604367 4149.360679962105 3150.1778329020453 1080.1934124431925 165269.59228784186 0.0 5.877729464 1 2 "" resolved? ""
21209 10 239 6.294683478353764e-11 2.0000000000000003e-10 7.412911672546718e-05 0.0002528940967749804 5.0662546532502025e-05 4076 3348 266.8283538210198 -28.383283220769876 8 1.01168984587017e-05 7.922167458124454e-06 4.296251206137806e-06 3.3642347638587105e-06 135.81950659365108 3.8017887450460374e-06 266.8283544871088 -28.38328380744908 4075.882791117295 3347.8826697079858 1041.1012946618862 159288.49824754472 0.0 6.585023476 2 2 "" "" ""
21351 10 240 2.429497614769648e-10 8.500000000000002e-10 0.0004934958156537061 0.0005898046656511724 5.0662546532502025e-05 4082 3392 266.82831973377756 -28.38306321934553 34 1.9294835327497015e-05 1.6032192284268364e-05 8.193762138305317e-06 6.808245206719247e-06 110.02294882263465 7.468945160001834e-06 266.8283180665948 -28.383065977115546 4082.2933275784007 3391.448432026139 1059.5942187806597 162117.9156463542 0.0 18.24504389 2 2 "" "" ""
21613 11 241 2.8686422464612927e-10 9.750000000000003e-10 0.0004856423984868547 0.0004809378879144788 5.0662546532502025e-05 4160 3446 266.827876461479 -28.382793200054635 39 2.145178545189702e-05 1.7026698961701254e-05 9.109734519698757e-06 7.230573307557127e-06 124.42439180557588 8.115947465149437e-06 266.82787558465145 -28.382792852364645 4160.154288626437 3446.069530080704 1150.6553650815285 176050.2710791409 0.0 10.43831208 2 2 "" "" ""
21849 11 242 4.3677788636394825e-10 1.5500000000000002e-09 0.0009067142885988804 0.0006178822950460017 5.0662546532502025e-05 4151 3494 266.8279276238475 -28.382553202353904 62 2.4975680987169145e-05 2.2266954218626755e-05 1.0606195169720874e-05 9.455904821947488e-06 151.17233993926973 1.0014548020149476e-05 266.82792806561986 -28.382551670533903 4150.922281900967 3494.306367953003 1158.626755601668 177269.8938331708 0.0 23.24853706 2 2 "" "" ""
21935 11 243 1.3353268853067023e-09 4.350000000000001e-09 0.002820798594013543 0.0008654678240418434 5.0662546532502025e-05 4139 3523 266.82799582997137 -28.382408205389734 174 5.3498618830149e-05 3.178063244022699e-05 2.271877162887233e-05 1.3495991979212704e-05 94.59873157082988 1.7510350073051825e-05 266.8280014904029 -28.3824216197407 4138.003861780208 3520.3171799018555 1156.4395907808891 176935.25761453182 0.0 14.07103259 2 2 246 "" ""
21956 11 244 3.9120737634730504e-10 1.1750000000000002e-09 0.0004921797383681965 0.00033340902882628143 5.0662546532502025e-05 4100 3519 266.8282174715216 -28.382428215021438 47 3.7944703375872074e-05 1.312723878580718e-05 1.6113631891295273e-05 5.574625039186232e-06 116.54910371790668 9.477734740614152e-06 266.82822309861416 -28.382419588333 4099.009946652622 3520.725385656889 1120.7604125130156 171476.3433194892 0.0 6.549676404 2 2 "" "bad contour" ""
21976 11 245 6.123549555211672e-10 2.0250000000000003e-09 0.001054482165638429 0.0005456518847495317 5.0662546532502025e-05 4107 3528 266.8281776919957 -28.382383213319088 81 3.3521020653495834e-05 2.3259668216077383e-05 1.4235066804459474e-05 9.87747164169043e-06 124.14154857991568 1.1857759850773555e-05 266.8281761050994 -28.38238114504745 4107.279248808781 3528.4136406980683 1131.4223501545914 173107.61978438968 0.0 5.429513676 2 2 "" "" ""
22001 11 246 6.871685277658998e-10 2.05e-09 0.0009244976106751337 0.00041912426240742207 5.0662546532502025e-05 4119 3535 266.82810949623655 -28.38234821037389 82 3.4156297566151376e-05 2.5615921554492776e-05 1.4504844070028485e-05 1.0878080305349239e-05 146.40290295414664 1.2561244309794255e-05 266.82811409792305 -28.382351946679968 4118.190254932177 3534.252778746244 1143.7620735859696 174995.5974768054 0.0 5.548689795 2 2 246 "" ""
22016 11 247 9.68061963439606e-10 3.3500000000000006e-09 0.0032026348650097485 0.001297077862545848 5.0662546532502025e-05 4144 3536 266.82796741798103 -28.382343204128993 134 4.3956639751370536e-05 2.804117341631106e-05 1.8666666204122962e-05 1.1907989944064925e-05 147.88501749955554 1.4909140600581673e-05 266.82798229660426 -28.382337383250356 4141.382030743371 3537.1643078998823 1166.1714115089565 178424.22619137567 0.0 10.51014489 2 2 246 "" ""
22057 11 248 5.867788493285174e-10 2.2000000000000003e-09 0.001433606145556395 0.0008048691088333726 5.0662546532502025e-05 4105 3546 266.8281890632653 -28.382293213806694 88 2.9507110488931986e-05 2.532009207518e-05 1.2530516100878602e-05 1.0752453092375142e-05 126.41796032294866 1.1607488384570913e-05 266.82819014233934 -28.382290786624903 4104.8101507462425 3546.485445606228 1136.5884240025573 173898.02908541443 0.0 11.36797307 2 2 "" "" ""
22075 11 249 1.7232384667887598e-10 4.750000000000001e-10 0.0002571981187449131 0.0003614996385294944 5.0662546532502025e-05 4135 3553 266.8280185710963 -28.382258206394162 19 2.6798402870821837e-05 8.187550301982637e-06 1.138023388554501e-05 3.4769324812143037e-06 88.81096373287308 6.290334239169418e-06 266.82801972470475 -28.382269443492824 4134.796899413636 3550.7525904468466 1165.6505875530647 178344.54012536004 0.0 2.873261737 1 2 "" "" ""
22104 11 250 4.299938592509289e-10 1.3750000000000003e-09 0.0006209291305489546 0.0003949300735257566 5.0662546532502025e-05 4125 3557 266.82807540359386 -28.38223820888859 55 2.7217905177798612e-05 2.0115233075256215e-05 1.1558380112838256e-05 8.542152984344857e-06 -146.5867198579682 9.936470760540362e-06 266.82806966485396 -28.38223558357756 4126.00981013954 3557.525012043053 1160.4616396890485 177550.631100089 0.0 9.191603404 2 2 "" "" ""
