public/catalog_MB6_4RMS_30.0rings_0.7mindelta3npix_final_Nazar_review.csv
# %ECSV 1.0
# ---
# datatype:
# - {name: _idx, datatype: int64}
# - {name: c_ID, datatype: int64}
# - {name: _name, datatype: int64}
# - {name: area_ellipse, unit: deg2, datatype: float64}
# - {name: area_exact, unit: deg2, datatype: float64}
# - {name: flux, unit: Jy, datatype: float64}
# - {name: peak, unit: Jy / beam, datatype: float64}
# - {name: ring_std, unit: Jy / beam, datatype: float64}
# - {name: x_peak_px, datatype: int64}
# - {name: y_peak_px, datatype: int64}
# - {name: x_peak, datatype: float64}
# - {name: y_peak, datatype: float64}
# - {name: npix, datatype: int64}
# - {name: major_fwhm, unit: deg, datatype: float64}
# - {name: minor_fwhm, unit: deg, datatype: float64}
# - {name: major_sigma, unit: deg, datatype: float64}
# - {name: minor_sigma, unit: deg, datatype: float64}
# - {name: position_angle, unit: deg, datatype: float64}
# - {name: radius, datatype: float64}
# - {name: x_cen, datatype: float64}
# - {name: y_cen, datatype: float64}
# - {name: x_cen_px, datatype: float64}
# - {name: y_cen_px, datatype: float64}
# - {name: radial_d_px, datatype: float64}
# - {name: radial_d_AU, unit: AU, datatype: float64}
# - {name: rejected, datatype: float64}
# - {name: 225.0GHz_snr, datatype: float64}
# - {name: core_score, datatype: int64}
# - {name: detection_score, datatype: int64}
# - {name: B3_match, datatype: int64}
# - {name: notes, datatype: string}
# - {name: Schmiedeke16, datatype: string}
# schema: astropy-2.0
_idx c_ID _name area_ellipse area_exact flux peak ring_std x_peak_px y_peak_px x_peak y_peak npix major_fwhm minor_fwhm major_sigma minor_sigma position_angle radius x_cen y_cen x_cen_px y_cen_px radial_d_px radial_d_AU rejected 225.0GHz_snr core_score detection_score B3_match notes Schmiedeke16
[from data line 37]
1990 1 38 3.652914033010731e-11 1.0802469135804197e-10 0.0023430226285844663 0.006160958670079708 0.0002510587313264703 2323 2155 266.83382927052565 -28.384927194584993 14 7.735421655010203e-06 6.012747580126806e-06 3.2849311230100967e-06 2.5533787997153645e-06 -155.7673876162189 2.89614804318066e-06 266.83382860185804 -28.38492620850006 2323.2117800940264 2155.354990175005 119.65635223133587 10170.789940132447 0.0 6.120632292 0 0 "" "" ""
1992 1 39 9.744795593457765e-11 2.777777777778222e-10 0.005913098051083861 0.006333479657769203 0.0002510587313264703 2321 2164 266.833835585334 -28.384902194595472 36 1.3580134988108489e-05 9.136632553031509e-06 5.7669523481273094e-06 3.87997060425542e-06 53.04746699382491 4.730285994194825e-06 266.83383754353684 -28.384903671377156 2320.379799756191 2163.468359745273 111.539414463655 9480.850229555663 0.0 6.406439265 0 0 "" "" ""
1993 1 40 1.657542815736546e-10 4.3209876543216787e-10 0.004988488422564364 0.0037215647753328085 0.0002510587313264703 2246 2169 266.8340723886063 -28.38488830588944 56 1.9225359135647432e-05 1.0977610225010691e-05 8.164258316135895e-06 4.661761839583123e-06 156.44853733848348 6.1692647752111824e-06 266.83406959510165 -28.38489071958943 2246.884755048669 2168.1310680788993 81.9281805303195 6963.895344881763 0.0 3.684709455 0 0 "" "" ""
1995 1 41 1.8499002734851502e-10 4.861111111111888e-10 0.02105602123475941 0.01302009355276823 0.0002510587313264703 2287 2171 266.83394293617295 -28.38488275028464 63 1.923935653595166e-05 1.2242645836350988e-05 8.170202464748766e-06 5.198973001009121e-06 94.18176698273149 6.517412218588526e-06 266.8339442141698 -28.384879876458943 2286.5952355528766 2172.0345776426543 86.12675744813468 7320.774383799549 0.0 7.420219227 0 0 "" "" ""
1996 1 42 5.4920082036361255e-11 1.5432098765434567e-10 0.0031091090708537427 0.005734126083552837 0.0002510587313264703 2319 2172 266.8338419001336 -28.38487997238344 20 1.1095486079191928e-05 6.3023476610174935e-06 4.7118191059249715e-06 2.6763606307481817e-06 -161.08671529258837 3.551130405139283e-06 266.83384268893025 -28.38488108404364 2318.750172656661 2171.5998027797605 104.27452787950261 8863.334870513969 0.0 4.067826761 0 0 "" "" ""
1997 1 43 8.946090609768668e-11 2.623456790123876e-10 0.0075680283280033156 0.008454160764813423 0.0002510587313264703 2303 2174 266.83389241816354 -28.384874416898914 34 1.4087310525975292e-05 8.085794826862243e-06 5.982329968568848e-06 3.433720909555096e-06 -170.19673639058482 4.532289873886371e-06 266.8338940586479 -28.384874576628487 2302.4804278896995 2173.942498069336 92.40637917059021 7854.542229437746 0.0 4.676413019 0 0 "" "" ""
1999 1 44 1.2335668716904243e-10 3.780864197531469e-10 0.0016096399249286488 0.0014336558524519205 0.0002510587313264703 2377 2177 266.8336587723593 -28.38486608308093 49 1.6287234559524285e-05 9.643459459754411e-06 6.916551688904203e-06 4.095200174681572e-06 158.8924140047536 5.322092040222023e-06 266.83365734682025 -28.38486573704221 2377.4514952964105 2177.1245724298947 146.81522944441633 12479.294503384357 0.0 7.922017291 0 0 "" "" ""
2003 1 45 5.7822165016778754e-11 1.5432098765434567e-10 0.005980683664961579 0.011107337661087513 0.0002510587313264703 2290 2187 266.8339334640966 -28.384838305831792 20 1.065370278686967e-05 6.910528849214258e-06 4.524211015338817e-06 2.9346314015784732e-06 92.37406051242078 3.643746933169278e-06 266.8339339467969 -28.38483760533137 2289.8471200290796 2187.2521803040236 74.3308943253789 6318.126017670302 0.0 7.048461372 0 0 "" "" ""
2004 1 46 2.518128032415813e-10 9.722222222223776e-10 0.008301241626112864 0.004936701618134975 0.0002510587313264703 2381 2192 266.8336461430182 -28.384824416376713 126 2.353379564207642e-05 1.3623959446388186e-05 9.993882841169341e-06 5.785562882028689e-06 168.86024766313074 7.603961968159281e-06 266.8336433180359 -28.384827430793173 2381.8947213210977 2190.9148069973794 144.5243147173753 12284.566751844864 0.0 13.13095796 0 2 6 HII F10.27
2017 1 47 2.4810886099690486e-10 7.793209876544456e-10 0.007706586507100213 0.003666448872536421 0.0002510587313264703 2343 2206 266.8337661233634 -28.384785527797533 101 2.593061474575188e-05 1.2182796070121357e-05 1.101171819921852e-05 5.173557145408637e-06 170.32634999866804 7.547831037642092e-06 266.83376632831545 -28.38478723141166 2342.9350862951696 2205.386699070674 103.08868456092185 8762.538188078077 0.0 4.065273083 0 0 "" "" ""
2023 1 48 4.6090256552947514e-10 1.5200617283953048e-09 0.010335957650032413 0.0037803384475409985 0.0002510587313264703 2351 2222 266.8337408645089 -28.384741083296625 197 4.15571927482305e-05 1.4121487154787324e-05 1.764771487992167e-05 5.996843446524053e-06 156.52490259564047 1.0287399249751284e-05 266.83373181135045 -28.384747200123048 2353.867301989814 2219.7979347931646 108.16922466857754 9194.384097033762 0.0 5.461730855 1 1 "" "" ""
2028 1 49 3.1789309247076563e-10 9.490740740742258e-10 0.005077940529293458 0.0023412422742694616 0.0002510587313264703 2370 2228 266.83368087449685 -28.384724416477173 123 2.5050663897872494e-05 1.6157693419985485e-05 1.0638037480075576e-05 6.8615406319819754e-06 79.83564224525982 8.543613194315722e-06 266.8336828609243 -28.384729635623305 2369.3708545734135 2226.1211093692714 121.73578906525937 10347.54207108894 0.0 2.123356425 0 0 "" "" ""
2058 1 50 1.838120598774237e-10 5.401234567902098e-10 0.004998593642329525 0.0030246912501752377 0.0002510587313264703 2389 2254 266.83362088473365 -28.3846521940759 70 2.095953517148714e-05 1.1166314804833246e-05 8.900695072523756e-06 4.741897296311866e-06 -136.22523197257627 6.4966285025154975e-06 266.83362022940514 -28.38465350390737 2389.2075534912797 2253.528459914743 139.25226381785484 11836.442424443583 0.0 3.284412578 0 0 "" "" ""
2076 1 51 4.5638481785700095e-11 1.311728395061938e-10 0.0014744561156877722 0.003250320442020893 0.0002510587313264703 2390 2271 266.833617727561 -28.384604971843526 17 8.366581411488011e-06 6.945454326964832e-06 3.5529599933306365e-06 2.9494628863979913e-06 -161.01855535645853 3.2371783449766196e-06 266.8336169904314 -28.384605468431488 2390.233462638715 2270.821227472001 141.77075705900953 12050.514350931584 0.0 2.595647678 0 0 "" "" ""
2077 1 52 9.743405498481616e-10 2.8163580246918084e-09 0.0415251021363538 0.005936954636126757 0.0002510587313264703 2384 2283 266.8336366719028 -28.38457163857001 365 4.621867669426242e-05 2.6841747263188376e-05 1.9627264848450436e-05 1.139864055422358e-05 171.5133412206031 1.495741077426284e-05 266.83363819288985 -28.38457440457984 2383.518270125663 2282.00423814584 137.3003995502023 11670.53396196577 0.0 5.792783344 0 1 "" "" ""
2094 1 53 1.2414049325075773e-10 3.5493827160499505e-10 0.0014498725437942018 0.0013397958828136325 0.0002510587313264703 2133 2288 266.8344291710074 -28.38455774983638 46 1.3904928311139616e-05 1.1367428334649264e-05 5.904879373046471e-06 4.827302348914675e-06 145.257936570683 5.338973503171284e-06 266.83442941749024 -28.38455658147035 2132.9219327552146 2288.4206115315596 123.22100965433415 10473.785820827536 0.0 3.056389749 0 0 "" "" ""
2095 1 54 2.574743896419119e-10 1.0185185185186814e-09 0.09470955476470252 0.061620380729436874 0.0002510587313264703 2344 2289 266.83376296663516 -28.384554972235165 132 2.6114470234194876e-05 1.2553659060398429e-05 1.108979443643714e-05 5.3310481566897974e-06 167.8902519880771 7.688967953401614e-06 266.8337650103931 -28.384554335465292 2343.3527022989424 2289.229238738595 101.26035847519333 8607.130470730886 0.0 25.03349865 1 2 18 HII? ""
2103 1 55 1.8983096575761112e-10 5.478395061729271e-10 0.0023460454222617244 0.001472454983741045 0.0002510587313264703 2129 2302 266.8344418003342 -28.38451886091285 71 2.096804195298528e-05 1.152727602715184e-05 8.904307570012084e-06 4.895183413898762e-06 130.78422440479363 6.602137436389547e-06 266.8344425470397 -28.384522186242634 2128.7635074258706 2300.802880524036 131.45044618112343 11173.287925522221 0.0 3.525914556 0 0 20 "" ""
2104 1 56 1.7730832589100007e-11 5.4012345679020984e-11 0.004627832341015225 0.02416546642780304 0.0002510587313264703 2312 2296 266.8338640024038 -28.384535527972357 7 4.9369483666713045e-06 4.572861590612233e-06 2.096528937355134e-06 1.941915519303358e-06 89.65709912259837 2.017741826923978e-06 266.8338631037876 -28.38453552680603 2312.284609431868 2296.000419416813 77.43004041457718 6581.553435251817 0.0 3.885950716 0 0 "" "" ""
2107 1 57 1.6221616180874858e-10 4.6296296296303703e-10 0.04565678767048617 0.03079158626496792 0.0002510587313264703 2321 2302 266.8338355861444 -28.384518861262144 60 2.3118636309236094e-05 8.934071437888275e-06 9.817580905182182e-06 3.7939508187645206e-06 170.68129122196436 6.103066369744218e-06 266.83384443700857 -28.38451658728025 2318.196758076708 2302.8186385961244 86.25894965347692 7332.010720965962 0.0 6.0943955 0 1 "" "" ""
2111 1 58 2.6342548027002093e-11 7.716049382717283e-11 0.007261158451025793 0.026556724682450294 0.0002510587313264703 2301 2306 266.8338987334727 -28.38450775023982 10 8.610279329958656e-06 3.895453746993351e-06 3.656448970751602e-06 1.6542468946675512e-06 168.5850144078691 2.4594042683902543e-06 266.83389842560143 -28.38450858788887 2301.0975085166187 2305.6984462068726 75.58619110965844 6424.826244346954 0.0 4.366920718 0 1 "" "" ""
2112 1 59 2.777976976223417e-11 8.487654320989012e-11 0.002412389195854771 0.008170192129909992 0.0002510587313264703 2195 2307 266.8342334141837 -28.384504972446596 11 7.069322726703055e-06 5.003435965247725e-06 3.002064952530223e-06 2.12476362081501e-06 164.50719484562816 2.5256045609833617e-06 266.8342322850491 -28.384505205080448 2195.3576193870745 2306.9162523266464 78.90025055700583 6706.521296960197 0.0 2.578091971 0 0 "" "" ""
2113 1 60 7.897826826289776e-11 2.3148148148151851e-10 0.0015041766378670854 0.0020472267642617226 0.0002510587313264703 2363 2309 266.8337029768558 -28.384499416536514 30 1.2207655747783971e-05 8.237451022438692e-06 5.184114078502133e-06 3.4981233660810063e-06 172.4633608937622 4.258482193274714e-06 266.83370354658564 -28.384498408600614 2362.8195563541367 2309.3628574551703 127.48412113352431 10836.150296756223 0.0 2.172488719 0 0 "" "" ""
2115 1 61 3.724473320677172e-11 1.0802469135804197e-10 0.010638633157390909 0.02810826152563095 0.0002510587313264703 2313 2309 266.83386084510545 -28.3844994168567 14 1.1772429172499256e-05 4.028248868844207e-06 4.999290369275131e-06 1.710639790647469e-06 157.01489508288742 2.9243777168284397e-06 266.83386555863785 -28.38449803085346 2311.5071317753814 2309.4989635961338 85.5760125750679 7273.961069857898 0.0 4.132974884 0 0 "" "" ""
2116 1 62 7.308250051543497e-10 2.8780864197535466e-09 0.6347979697152408 0.1460253745317459 0.0002510587313264703 2298 2319 266.83390820562005 -28.38447163913951 373 3.853378499329887e-05 2.4148448924358455e-05 1.6363791821210026e-05 1.02549020572997e-05 162.38348574702235 1.2954114497430949e-05 266.8339133306828 -28.384466424793874 2296.376793025622 2320.877166433221 84.70170985844345 7199.64533806838 0.0 14.16625727 1 2 21 HII? ""
2117 1 63 5.261494850496511e-10 1.6743827160496506e-09 0.131683121167968 0.03490646556019783 0.0002510587313264703 2328 2320 266.8338134847015 -28.38446886122419 217 2.8853586508920427e-05 2.3218109673265997e-05 1.2252990019261198e-05 9.859823353491473e-06 160.64237370159236 1.0991465650312951e-05 266.83381680778723 -28.384469451076654 2326.947512239251 2319.7876552486214 103.88087631951373 8829.874487742263 0.0 7.980261872 1 2 22 HII? ""
2125 1 64 1.4183186772387526e-10 4.166666666667333e-10 0.011372717531713698 0.008776435628533363 0.0002510587313264703 2354 2324 266.8337313932698 -28.384457749940914 54 1.9114289753706604e-05 9.447853907944887e-06 8.117091492422464e-06 4.012134144976974e-06 -173.94729609307583 5.706738116879929e-06 266.83373762059796 -28.384456794162656 2352.0276820232734 2324.3440854899045 126.24060735901273 10730.451626295537 0.0 3.471731398 0 0 "" "" ""
2129 1 65 2.5558844090323662e-11 7.716049382717283e-11 0.0028258805329782486 0.01047060638666153 0.0002510587313264703 2334 2332 266.8337945406004 -28.384435527855494 10 6.670861627769906e-06 4.878393056656571e-06 2.832854103584901e-06 2.0716627866960653e-06 -179.98171072077318 2.422543792490877e-06 266.833796105216 -28.38443496611728 2333.504455412044 2332.2022268370138 117.17593682418726 9959.95463078821 0.0 4.407947042 0 1 "" "" ""
2130 1 66 7.058400933544403e-11 2.0833333333336666e-10 0.007034501670194083 0.010309438221156597 0.0002510587313264703 2272 2334 266.83399029711563 -28.384429972539056 27 1.2997691367783682e-05 6.914449605126004e-06 5.519611316037041e-06 2.9362963933132003e-06 159.17802931014998 4.025818525439304e-06 266.8339893912395 -28.384429881089602 2272.286909108199 2334.0329216281775 86.93812877537992 7389.740946889313 0.0 2.67600736 0 0 "" "" ""
2131 1 67 2.9235289190036973e-11 8.487654320989012e-11 0.0032381382016625636 0.010887579061090946 0.0002510587313264703 2288 2337 266.83393977931826 -28.38442163917078 11 7.499639190985469e-06 4.963460118194511e-06 3.1848035295991805e-06 2.1077874416213732e-06 165.09261479998426 2.5909243299873843e-06 266.8339397791696 -28.384421889634346 2288.000046996897 2336.9098331217597 94.85421796113486 8062.608526876986 0.0 2.083363885 0 0 "" "" ""
2133 1 68 1.0616585759143569e-10 3.0092592592597406e-10 0.001468726769413383 0.001485284767113626 0.0002510587313264703 2217 2341 266.8341639520574 -28.3844105280726 39 1.9788909285569112e-05 6.830940885564923e-06 8.403576030077928e-06 2.9008335052945177e-06 -167.52148396677285 4.937344925396639e-06 266.83416318114547 -28.384410755968233 2217.244163352919 2340.917957779691 96.63860450813593 8214.281383159741 0.0 2.85478336 0 0 "" "" ""
2137 1 69 4.983589352277619e-10 1.442901234568132e-09 0.048296951859707025 0.01299960259348154 0.0002510587313264703 2268 2348 266.8340029265882 -28.384391083655977 187 3.292549847461851e-05 1.9272027334914366e-05 1.3982171819921708e-05 8.184076475644692e-06 -147.45521577556778 1.0697250276115043e-05 266.83400229381954 -28.38438678457171 2268.2004113033304 2349.547670246261 101.19779455634756 8601.812537380289 0.0 3.517650904 0 2 27 "" ""
2143 1 70 5.858690623066553e-11 1.6975308641978025e-10 0.021035445655139626 0.035858843475580215 0.0002510587313264703 2345 2351 266.8337598097557 -28.384382750006072 22 1.1140299619476553e-05 6.696088825235276e-06 4.73084966428088e-06 2.8435671079686554e-06 147.557472897064 3.6677634190462266e-06 266.8337619580106 -28.38438162088366 2344.31960540321 2351.406485759248 138.48993940881704 11771.644850230585 0.0 3.807815705 0 0 25 "" ""
2144 1 71 1.162675803648306e-11 3.858024691358642e-11 0.004639460081571899 0.03374044969677925 0.0002510587313264703 2334 2352 266.83379454073935 -28.38437997229994 5 5.063991354707419e-06 2.9233659978452098e-06 2.1504791270115347e-06 1.2414392360953375e-06 161.46032896734508 1.6339183470039646e-06 266.83379201972275 -28.384381637068728 2334.79845543653 2351.4006814705194 132.18500764877564 11235.725650031976 0.0 3.628324918 0 0 25 "" ""
2147 1 72 1.5713803838767043e-10 4.6296296296303703e-10 0.004951457986481179 0.003450569463893771 0.0002510587313264703 2298 2354 266.833908205759 -28.384374416917268 60 2.657079654341609e-05 7.529987683141143e-06 1.1283578377670414e-05 3.1976913475960227e-06 174.91635100426825 6.006779582122042e-06 266.8339162947013 -28.384372170311067 2295.4380697824977 2354.8087813665084 114.2344030364394 9709.924258742163 0.0 1.919916258 0 0 "" "" ""
