public/catalog_NB3_4RMS_30.0rings_0.7mindelta3npix_final_Nazar_review.csv
# %ECSV 1.0
# ---
# datatype:
# - {name: _idx, datatype: int64}
# - {name: c_ID, datatype: int64}
# - {name: _name, datatype: int64}
# - {name: area_ellipse, unit: deg2, datatype: float64}
# - {name: area_exact, unit: deg2, datatype: float64}
# - {name: flux, unit: Jy, datatype: float64}
# - {name: peak, unit: Jy / beam, datatype: float64}
# - {name: ring_std, unit: Jy / beam, datatype: float64}
# - {name: x_peak_px, datatype: int64}
# - {name: y_peak_px, datatype: int64}
# - {name: x_peak, datatype: float64}
# - {name: y_peak, datatype: float64}
# - {name: npix, datatype: int64}
# - {name: major_fwhm, unit: deg, datatype: float64}
# - {name: minor_fwhm, unit: deg, datatype: float64}
# - {name: major_sigma, unit: deg, datatype: float64}
# - {name: minor_sigma, unit: deg, datatype: float64}
# - {name: position_angle, unit: deg, datatype: float64}
# - {name: radius, datatype: float64}
# - {name: x_cen, datatype: float64}
# - {name: y_cen, datatype: float64}
# - {name: x_cen_px, datatype: float64}
# - {name: y_cen_px, datatype: float64}
# - {name: radial_d_px, datatype: float64}
# - {name: radial_d_AU, unit: AU, datatype: float64}
# - {name: rejected, datatype: float64}
# - {name: 100.0GHz_snr, datatype: float64}
# - {name: core_score, datatype: int64}
# - {name: detection_score, datatype: int64}
# - {name: G2018, datatype: string}
# - {name: notes, datatype: string}
# - {name: Schmiedeke16, datatype: string}
# schema: astropy-2.0
_idx c_ID _name area_ellipse area_exact flux peak ring_std x_peak_px y_peak_px x_peak y_peak npix major_fwhm minor_fwhm major_sigma minor_sigma position_angle radius x_cen y_cen x_cen_px y_cen_px radial_d_px radial_d_AU rejected 100.0GHz_snr core_score detection_score G2018 notes Schmiedeke16
[from data line 72]
12722 1 73 1.0149681391237848e-10 3.0000000000000005e-10 8.912824789984138e-05 0.00019831997633446008 3.1543457265984666e-05 3227 3114 266.83214144768374 -28.37162555898931 12 1.6832483110441802e-05 7.677533755033572e-06 7.148097429339053e-06 3.2603483952985743e-06 52.43623975156409 4.8275550730347395e-06 266.83214329562855 -28.371629610284117 3226.674798673033 3113.1897434099783 160.06526264846826 24489.98518501751 0.0 3.402514382 1 1 "" "" ""
12839 1 74 2.1758865878730814e-10 6.500000000000001e-10 0.00015441558936388647 0.00017633366223890334 3.1543457265984666e-05 3238 3128 266.8320789400669 -28.371555558573274 26 2.338656290061914e-05 1.1846426627613525e-05 9.931358852651423e-06 5.030714195172323e-06 108.05335665029216 7.068368125485813e-06 266.83207886644453 -28.37155098229134 3238.012962995875 3128.9152562832014 175.49829138898284 26851.238583650204 0.0 4.229671675 0 1 "" "" ""
12856 1 75 1.0084772899413783e-10 3.0000000000000005e-10 0.0003310841987167898 0.0007482754299417138 3.1543457265984666e-05 3199 3128 266.8323005600416 -28.371555559919646 12 1.4950903024069228e-05 8.588478060413379e-06 6.349063936167033e-06 3.6471908240022224e-06 -162.93509489418676 4.812093902761233e-06 266.83229736586054 -28.37155470022615 3199.5621031623077 3128.1719353245053 139.38212396606556 21325.464966213665 0.0 3.143567782 2 2 "" "" ""
12869 1 76 4.0905858676727503e-10 1.2750000000000003e-09 0.0017711634816551156 0.0012068416690453887 3.1543457265984666e-05 3204 3135 266.83227214747177 -28.371520559767067 51 2.9301969727201448e-05 1.777486089520316e-05 1.2443400840345885e-05 7.548288427691529e-06 101.01941454604666 9.691562235486594e-06 266.83226690366536 -28.371525513220405 3204.922782981083 3134.009303566434 146.67521932565933 22441.308557576875 0.0 5.839471987 2 2 "" "" ""
12916 1 77 5.444329379629351e-10 1.7750000000000004e-09 0.0005455549878131546 0.00029111126787029207 3.1543457265984666e-05 3237 3139 266.83208462311643 -28.371500558612276 71 2.7673565043227225e-05 2.504936919179573e-05 1.175188104145067e-05 1.0637487669027595e-05 -172.1951574610351 1.118080898979634e-05 266.8320817624972 -28.371500921535027 3237.5034026514477 3138.927411526778 178.52354103277798 27314.101779238157 0.0 9.532321122 1 1 "" "" ""
13032 1 78 1.3555817609945474e-10 4.0000000000000007e-10 0.00014743537715696035 0.00024593918351456523 3.1543457265984666e-05 2999 3151 266.8334370722823 -28.371440561192138 16 2.2155137086467155e-05 7.7905619907669e-06 9.40842045795307e-06 3.308347067626778e-06 163.91845665518434 5.579096721967529e-06 266.8334383913106 -28.3714402954847 2998.7678810347084 3151.0531406816326 107.76057859800396 16487.36852605396 0.0 2.460521893 1 1 "" "" ""
13091 1 79 9.683080015002024e-11 3.0000000000000005e-10 0.00018626506820071674 0.0004168067825958133 3.1543457265984666e-05 3220 3158 266.8321812273981 -28.371405559239214 12 1.9915535595267323e-05 6.190689790341625e-06 8.457349272736285e-06 2.628943898878804e-06 137.78144126149138 4.715283318237319e-06 266.83218074548853 -28.371406413514265 3220.0848038932863 3157.8291443968587 171.1600162771957 26187.482490665498 0.0 4.1077496 0 2 "" filament ""
13135 1 80 3.2381219837428566e-10 9.000000000000002e-10 0.0006320636916722492 0.0005404662224464118 3.1543457265984666e-05 3214 3163 266.8322153229208 -28.37138055944423 36 3.077809820056792e-05 1.3395808686914826e-05 1.3070254886573894e-05 5.688676175142192e-06 162.65029224953773 8.622786531991194e-06 266.8322252301555 -28.371377724585322 3212.25655624955 3163.5669833748293 167.50048959734266 25627.574908857725 0.0 3.438577041 1 2 "" "" ""
13147 1 81 8.430190662155566e-11 2.5000000000000007e-10 0.00017626749291722754 0.0004601742257364094 3.1543457265984666e-05 3117 3164 266.8327665306785 -28.371375561581413 10 1.731374613399841e-05 6.199602776305487e-06 7.352471018128629e-06 2.632728895521189e-06 -160.5832669470451 4.399666226307324e-06 266.83276642622815 -28.371374989275424 3117.0183811226634 3164.1144611591217 102.52672136346052 15686.58836826818 0.0 2.240319119 0 2 "" filament ""
13259 1 82 1.3230719958798544e-09 4.525000000000001e-09 0.003869086674726299 0.0013355041155591607 3.1543457265984666e-05 3230 3177 266.83212440264793 -28.371310558878676 181 5.481112649497355e-05 3.073493236403672e-05 2.3276142315262638e-05 1.3051924043577084e-05 49.00459313523037 1.7429814730119722e-05 266.83211526142946 -28.37129460494642 3231.6086711608787 3180.190774406764 192.82160557488552 29501.705654107926 0.0 15.02771238 2 2 "" "bad contour" ""
13313 1 83 5.035389205087363e-10 1.4000000000000001e-09 0.0006789427296502634 0.00033927097683772445 3.1543457265984666e-05 3016 3189 266.8333404682385 -28.37125056145051 56 5.3074085582627106e-05 1.208003065840199e-05 2.2538488957838624e-05 5.129916693164221e-06 78.13749683296612 1.0752700625587687e-05 266.83334085812777 -28.371261816004765 3015.9313942312715 3186.749088968827 127.71468972684706 19540.347528172617 0.0 2.046297897 0 2 "" filament ""
13314 1 84 9.96912255749462e-10 3.2000000000000005e-09 0.002214696373442937 0.0006983901839703321 3.1543457265984666e-05 3214 3183 266.83221532368134 -28.37128055944422 128 4.8333804160981836e-05 2.6261738311890345e-05 2.052547678238682e-05 1.1152333430873775e-05 -170.25734843934475 1.5129671539885988e-05 266.8322008590325 -28.37127724366034 3216.545455431023 3183.6631395875997 182.6528002203133 27945.878434017606 0.0 6.49709835 2 2 "" "bad contour" ""
13367 1 85 2.539523504561785e-10 8.000000000000001e-10 0.00023231429660386578 0.00023868207063060254 3.1543457265984666e-05 3198 3187 266.8323062445959 -28.371260559949448 32 2.0616686307370134e-05 1.5683785217781623e-05 8.755100565274476e-06 6.660290348248455e-06 -177.74321936997316 7.63619746947669e-06 266.83230690414683 -28.37126010849346 3197.8839344726875 3187.0902918877546 170.5653547621336 26096.499279343083 0.0 2.640890096 1 1 "" "" ""
13386 1 86 6.349594536685054e-11 2.0000000000000003e-10 8.452096255982685e-05 0.00027941519510932267 3.1543457265984666e-05 3188 3187 266.8323630700724 -28.371260560234575 8 1.3110481909542995e-05 6.166586820876614e-06 5.567509049028281e-06 2.618708310169649e-06 144.36756141537273 3.8183350054225315e-06 266.8323617236468 -28.371261180150196 3188.236939812119 3186.876015580254 163.4243712929039 25003.928807609176 0.0 1.559721324 1 1 "" "" ""
13399 1 87 1.379348201108664e-10 4.250000000000001e-10 9.880489781915216e-05 0.00016190735914278775 3.1543457265984666e-05 3073 3190 266.83301656305315 -28.371245561819883 17 2.0924237913837135e-05 8.39347450866939e-06 8.885705707317489e-06 3.5643804401873407e-06 46.71842084981762 5.627791362552762e-06 266.83301694414155 -28.37124875760726 3072.9329370107766 3189.360842528965 117.36455057032562 17956.776237058784 0.0 1.332301586 0 1 "" filament ""
13402 1 88 2.6751638320834576e-10 8.500000000000002e-10 0.0013570994236053078 0.0013600445818156004 3.1543457265984666e-05 3148 3190 266.83259037203953 -28.37124556113946 34 2.3170008193051086e-05 1.470082505020234e-05 9.83939653560515e-06 6.24286559867853e-06 71.9315498525836 7.837476005952816e-06 266.83258983251426 -28.371243581545844 3148.0949456928447 3190.3959183836832 140.7410183632079 21533.37580905943 0.0 5.554096715 2 2 "" "" ""
13412 1 89 4.4052205042452556e-10 1.4250000000000001e-09 0.002360709182695938 0.001411602832376957 3.1543457265984666e-05 3168 3192 266.83247672115397 -28.371235560734142 57 3.23226622210018e-05 1.735313880368367e-05 1.3726170833821397e-05 7.369199544696248e-06 -151.05688929621095 1.005737996990367e-05 266.8324807617793 -28.37123667495681 3167.2889400633485 3191.7771586720705 153.05734166628787 23417.773275387386 0.0 2.623338991 2 2 "" "" ""
13426 1 90 1.4195505202062022e-10 4.250000000000001e-10 0.0001858637436567239 0.0002954169758595526 3.1543457265984666e-05 3228 3193 266.832135768417 -28.37123055895267 17 1.6989636379041968e-05 1.0638595135458945e-05 7.2148342778433734e-06 4.5177953864916765e-06 104.10317990273498 5.7092157968273365e-06 266.83213742508303 -28.37123168733191 3227.7084624751365 3192.774326295382 197.05725862924785 30149.76057048271 0.0 1.53989391 0 1 "" "" ""
13445 1 91 1.1906788596489641e-09 4.050000000000001e-09 0.009642967395375193 0.0026420403737574816 3.1543457265984666e-05 3160 3203 266.8325221817837 -28.37118056090758 162 5.2628175256097386e-05 2.880672210057564e-05 2.2349128277191006e-05 1.2233088537428783e-05 58.39199407934838 1.65347774387571e-05 266.83252732188026 -28.371191415289356 3159.0954495469864 3200.8291273754135 155.5074319513449 23792.637089186166 0.0 6.147453966 1 2 "" filament ""
13456 1 92 1.8824732708763703e-10 5.750000000000001e-10 0.0006812035690248941 0.0008653077529743314 3.1543457265984666e-05 3177 3195 266.83242557832153 -28.371220560521003 23 1.7121403536117097e-05 1.399932085754446e-05 7.2707906373763144e-06 5.944964196769638e-06 99.25537530931076 6.574541050249066e-06 266.8324258200983 -28.371219220437894 3176.957454060627 3195.268016832591 161.89833580592645 24770.445378301836 0.0 3.650649923 0 2 "" filament ""
13491 1 93 1.337076536007084e-09 4.6750000000000005e-09 0.004314793731714089 0.0012475659605115652 3.1543457265984666e-05 3026 3201 266.83328364261945 -28.371190561570703 187 4.686020477426686e-05 3.633035134374081e-05 1.9899696740372777e-05 1.54280797041811e-05 104.6520685160662 1.7521818039219104e-05 266.8332944318155 -28.371177650576623 3024.1013381807406 3203.5821946133765 140.02912462537327 21424.456067569117 0.0 12.46844836 2 2 "" "" ""
13502 1 94 1.9475576424910254e-10 6.000000000000001e-10 0.00023979716446888256 0.00028721289709210396 3.1543457265984666e-05 3125 3199 266.83272107074475 -28.371200561489037 24 1.754040034032846e-05 1.413736046342057e-05 7.448722197410174e-06 6.003584220056511e-06 110.7605664648125 6.687228951064588e-06 266.83272036497095 -28.371197311627757 3125.124201945866 3199.6499719461895 138.26314104000423 21154.260579030615 0.0 1.767761393 0 2 "" filament ""
13536 1 95 1.9528325794443365e-10 6.000000000000001e-10 0.00014984066133991124 0.00018322578398510814 3.1543457265984666e-05 3002 3203 266.83342002363565 -28.37118056124267 24 1.8383931738928148e-05 1.3525213381002326e-05 7.806937000439254e-06 5.7436292890162505e-06 146.97630329369954 6.696278967697476e-06 266.8334163450655 -28.371180545010326 3002.6473457137236 3203.003248596784 148.22834344167305 22678.936546404348 0.0 2.02770384 0 0 "" "" ""
13537 1 96 9.800646651900179e-11 3.0000000000000005e-10 0.000273878782544644 0.0005964376032352448 3.1543457265984666e-05 3174 3203 266.8324426261766 -28.371180560594173 12 1.4669720492791315e-05 8.50649017731353e-06 6.229656709329783e-06 3.612373775764139e-06 135.38205469612845 4.743822143461539e-06 266.83244448500864 -28.3711822307843 3173.672885713094 3202.665963548025 165.56258550518487 25331.075582244604 0.0 1.713052893 0 0 "" "" ""
13538 1 97 3.017280555193819e-10 9.000000000000002e-10 0.0006629780834044887 0.0005444405251182616 3.1543457265984666e-05 3221 3204 266.8321755466783 -28.371175559204218 36 2.2865824954624695e-05 1.680143328731061e-05 9.710221807766278e-06 7.134911783498848e-06 71.89138325655877 8.323555490090705e-06 266.83217645989976 -28.371172548622607 3220.839297745411 3204.6021174500693 199.34005645025036 30499.02863778601 0.0 3.230956324 1 2 "" "" ""
13570 1 98 2.858048473157741e-10 7.750000000000001e-10 0.0002934943447171043 0.00025080711930058897 3.1543457265984666e-05 3126 3208 266.8327153883305 -28.37115556147644 31 2.3264526898768695e-05 1.5642021459977553e-05 9.879534934255637e-06 6.642554913265983e-06 52.285899104196325 8.100947680260792e-06 266.8327098174983 -28.371155311575798 3126.9803417017347 3208.049977608225 146.73934162602072 22451.11926876481 0.0 1.23722115 0 2 "" filament ""
13605 1 99 6.632897383338135e-11 2.0000000000000003e-10 0.00032565402252163666 0.001028901431709528 3.1543457265984666e-05 3186 3208 266.83237443580884 -28.37115556028879 8 1.4376307100830332e-05 5.87453437466698e-06 6.1050555141853244e-06 2.4946850554730058e-06 153.5477256632286 3.902587699728373e-06 266.83237160634314 -28.37115554816286 3186.49792254511 3208.0024225043517 177.78198219785446 27200.643275922987 0.0 3.288506716 0 1 "" "" ""
13606 1 100 1.2055537357986603e-09 3.800000000000001e-09 0.00872495508438075 0.0025196534115821123 3.1543457265984666e-05 3197 3215 266.83231192808086 -28.37112055997902 152 4.384486912724185e-05 3.500945156853572e-05 1.861920159027082e-05 1.4867145216642485e-05 -175.05298956020926 1.6637739445624726e-05 266.8322995550705 -28.371129431133152 3199.177362520088 3213.2257562344366 190.0494560938137 29077.566782847498 0.0 10.32093381 2 2 "" "" ""
13632 1 101 5.527356676497566e-10 1.5750000000000002e-09 0.0005739318013756055 0.0003298971278127283 3.1543457265984666e-05 3139 3211 266.83264151533797 -28.371140561291085 63 3.249007085374578e-05 2.1661291369044297e-05 1.379726273449433e-05 9.198703491060016e-06 57.511436364640254 1.1265741381856112e-05 266.8326377042099 -28.37112764554216 3139.670681431976 3213.5831476586673 156.92389501412444 24009.355937398253 0.0 1.646268182 1 1 "" extended ""
13639 1 102 1.0263596901581161e-10 3.0000000000000005e-10 0.0005031403411853104 0.0010855968575924635 3.1543457265984666e-05 3183 3213 266.8323914835836 -28.371130560368307 12 1.5122202597892252e-05 8.641756942083997e-06 6.421808167381004e-06 3.6698162818511335e-06 107.09422182214196 4.854570647501115e-06 266.83239058898437 -28.371133392948252 3183.157426473927 3212.4334831879414 179.10202863341416 27402.610381189024 0.0 4.259265144 0 2 "" filament ""
13690 1 103 3.466000945398044e-10 1.05e-09 0.0003067798138953995 0.00022089654521550983 3.1543457265984666e-05 3133 3219 266.832675610716 -28.371100561381578 42 2.507366339725932e-05 1.760063747994139e-05 1.0647804468188047e-05 7.474302555340303e-06 62.760821574633134 8.921037615958237e-06 266.83267809175334 -28.371102823273237 3132.563391534168 3218.5476229183732 158.56900761859697 24261.058165660368 0.0 2.094472783 0 1 "" extended ""
13773 1 104 1.199330861507178e-09 3.4000000000000007e-09 0.0013915670773182792 0.0003982636262662709 3.1543457265984666e-05 3159 3232 266.83252786500276 -28.371035560928178 136 6.15595441571341e-05 2.4806250576179976e-05 2.6141931434223474e-05 1.0534244698878443e-05 163.27246773352638 1.6594743222762214e-05 266.83251180919495 -28.37104070833974 3161.8254610585946 3230.9705059167886 182.59308641300967 27936.74222145988 0.0 4.772825231 1 2 "" extended ""
13782 1 105 3.576239054372445e-10 1.1000000000000001e-09 0.0003631992037783519 0.00025408377405256033 3.1543457265984666e-05 3146 3228 266.8326017378863 -28.371055561174803 44 2.8378040359873302e-05 1.6045810242840882e-05 1.2051044163546828e-05 6.814028221264777e-06 170.78199983797552 9.061796456890667e-06 266.83260364788316 -28.37105260008826 3145.663885112179 3228.5922184756027 173.05343353118187 26477.17533087342 0.0 2.312208932 0 1 "" extended ""
13826 1 106 1.140337753811709e-09 2.6750000000000004e-09 0.0007228840600676275 0.00023009483993519098 3.1543457265984666e-05 3021 3233 266.8333120549019 -28.37103056151354 107 6.118265875492391e-05 2.3731362299377504e-05 2.5981882940069752e-05 1.0077781675697262e-05 175.6752837958179 1.6181462968271636e-05 266.833346429636 -28.3710334107359 3014.9508118567137 3232.4301401249777 170.27166449039012 26051.56466731374 0.0 4.554974186 0 0 "" "" ""
13875 1 107 1.2915873580364146e-09 6.325000000000001e-09 0.010887720962575544 0.003774691838771105 3.1543457265984666e-05 3084 3239 266.8329540551953 -28.371000561803015 253 4.9804460289438684e-05 3.301969517635885e-05 2.115000693769961e-05 1.4022173476073359e-05 142.14004349398448 1.722118074641164e-05 266.83294767991333 -28.370994462245065 3085.121909087751 3240.21991092615 168.7309187141146 25815.83056340641 0.0 21.65639084 2 2 109 multiple? ""
