public/catalog_MB3_4RMS_30.0rings_0.7mindelta3npix_final_Nazar_review.csv
# %ECSV 1.0
# ---
# datatype:
# - {name: _idx, datatype: int64}
# - {name: c_ID, datatype: int64}
# - {name: _name, datatype: int64}
# - {name: area_ellipse, unit: deg2, datatype: float64}
# - {name: area_exact, unit: deg2, datatype: float64}
# - {name: flux, unit: Jy, datatype: float64}
# - {name: peak, unit: Jy / beam, datatype: float64}
# - {name: ring_std, unit: Jy / beam, datatype: float64}
# - {name: x_peak_px, datatype: int64}
# - {name: y_peak_px, datatype: int64}
# - {name: x_peak, datatype: float64}
# - {name: y_peak, datatype: float64}
# - {name: npix, datatype: int64}
# - {name: major_fwhm, unit: deg, datatype: float64}
# - {name: minor_fwhm, unit: deg, datatype: float64}
# - {name: major_sigma, unit: deg, datatype: float64}
# - {name: minor_sigma, unit: deg, datatype: float64}
# - {name: position_angle, unit: deg, datatype: float64}
# - {name: radius, datatype: float64}
# - {name: x_cen, datatype: float64}
# - {name: y_cen, datatype: float64}
# - {name: x_cen_px, datatype: float64}
# - {name: y_cen_px, datatype: float64}
# - {name: radial_d_px, datatype: float64}
# - {name: radial_d_AU, unit: AU, datatype: float64}
# - {name: rejected, datatype: float64}
# - {name: 100.0GHz_snr, datatype: float64}
# - {name: core_score, datatype: int64}
# - {name: detection_score, datatype: int64}
# - {name: G2018, datatype: string}
# - {name: notes, datatype: string}
# - {name: Schmiedeke16, datatype: string}
# schema: astropy-2.0
_idx c_ID _name area_ellipse area_exact flux peak ring_std x_peak_px y_peak_px x_peak y_peak npix major_fwhm minor_fwhm major_sigma minor_sigma position_angle radius x_cen y_cen x_cen_px y_cen_px radial_d_px radial_d_AU rejected 100.0GHz_snr core_score detection_score G2018 notes Schmiedeke16
[from data line 323]
1713 22 324 4.991778819425546e-10 1.3000000000000003e-09 0.0007789002640441032 0.0004132991307415068 8.402410023180402e-05 3028 826 266.8343098357857 -28.395893339443653 52 2.625713931590283e-05 2.420613426566281e-05 1.1150380417097959e-05 1.027939876626312e-05 122.49547442713916 1.0706035993909287e-05 266.8343177735941 -28.395884273613223 3026.603445630855 827.8131631041456 2244.6459422468415 343430.83081078867 0.0 4.369820605 0 1 80 "" ""
1724 22 325 2.5988902222960325e-10 8.000000000000001e-10 0.000645126596496343 0.0006060491432435811 8.402410023180402e-05 2945 837 266.8347815964432 -28.395838337769238 32 2.068277635693695e-05 1.5999139002928014e-05 8.783166425214083e-06 6.794208770512542e-06 68.82429078149285 7.724937951793581e-06 266.8347856307977 -28.39583759316773 2944.2902083911054 837.1489160370775 2238.497075799528 342490.0542308004 0.0 2.071266597 0 0 "" "" ""
1733 22 326 4.383683871838948e-10 1.2000000000000002e-09 0.0009168626772132383 0.0005750000127591193 8.402410023180402e-05 2950 850 266.83475317669337 -28.3957733379148 48 3.25630558916926e-05 1.7140819645232852e-05 1.3828256626405871e-05 7.279035899750706e-06 57.80005271687887 1.0032765142998908e-05 266.83475928054844 -28.395781294475004 2948.9261169264773 848.4086817832113 2226.99473082984 340730.19542548154 0.0 3.730926948 0 0 "" "" ""
1736 22 327 5.505322138269033e-10 1.9000000000000005e-09 0.0021836065512191197 0.001235402189195156 8.402410023180402e-05 2832 852 266.83542387221235 -28.39576333287845 76 3.381885470735703e-05 2.0727234116102793e-05 1.436154528186571e-05 8.802045897239835e-06 -160.71887701902682 1.124326379332399e-05 266.8354257086731 -28.395767560813123 2831.676908660236 851.1544094200863 2233.8107183531342 341773.04153123224 0.0 5.244335214 2 2 "" "" ""
2284 22 328 1.1170161613925955e-10 3.5000000000000003e-10 0.00022503743869795555 0.000480712071293965 8.402410023180402e-05 5085 1932 266.82261871649064 -28.390362861887517 14 1.3470187815880349e-05 1.0558526588801011e-05 5.720262083000619e-06 4.483793405394696e-06 153.38260238566357 5.064432189780756e-06 266.82261756205037 -28.390364579432273 5085.20308619305 1931.656471767931 2313.7350817753495 354001.46931552055 0.0 6.146528633 2 2 "" "" ""
1319 23 329 2.5003180150342446e-10 8.000000000000001e-10 0.0006357641555637191 0.0006486935308203101 8.751335962112928e-05 3523 713 266.83149630753064 -28.39645831570239 32 2.0409052344797947e-05 1.5598754494828108e-05 8.666926539828105e-06 6.624181124899119e-06 136.23313728948054 7.57702390097963e-06 266.8314930691268 -28.396460046468842 3523.5697431310427 712.6538345926997 2402.1718425486483 367532.2939289053 0.0 11.57995348 2 2 75 "" ""
1327 23 330 3.563490691556857e-10 1.2250000000000002e-09 0.0011666276855487976 0.0009247326524928212 8.751335962112928e-05 3509 723 266.8315758832767 -28.39640831716707 49 2.39985106889325e-05 1.8906400357850985e-05 1.019122915127771e-05 8.028808994448024e-06 150.1897631063047 9.045630562556675e-06 266.83157802482833 -28.396408866591674 3508.623222401491 722.8901228435288 2389.342389297598 365569.3875490063 0.0 13.96333574 2 2 75 "" ""
1339 23 331 2.0288648884364662e-10 6.500000000000001e-10 0.0004907350662177774 0.0006316719227470458 8.751335962112928e-05 3167 742 266.83351977601376 -28.396313338616217 26 1.7427192628858964e-05 1.482324228086832e-05 7.4006473087542956e-06 6.294851410046281e-06 65.07409635386423 6.825391940890076e-06 266.83351961167915 -28.396310984680806 3167.0289144581984 742.470786944235 2331.466673376078 356714.4028724313 0.0 5.71018371 2 2 "" "" ""
1343 23 332 4.532723221062631e-10 1.1000000000000001e-09 0.000690280330946938 0.00045516961836256087 8.751335962112928e-05 2942 752 266.83479865100094 -28.396263337686744 44 3.514240366652115e-05 1.642272611738036e-05 1.4923604774249012e-05 6.974089655825279e-06 106.01019645627478 1.0201889907449246e-05 266.83478778771223 -28.396269399258543 2943.911249994518 750.7876972943045 2324.7437024563037 355685.7883055264 0.0 3.871132822 0 0 "" "" ""
1351 23 333 1.7637781224437688e-10 5.000000000000001e-10 0.00032118818574977394 0.0004655563971027732 8.751335962112928e-05 2736 756 266.83596953150675 -28.396243326368445 20 2.2447947477411324e-05 1.000425668723262e-05 9.532765582142941e-06 4.248416650071931e-06 109.09845754642588 6.363895035307285e-06 266.83597069798907 -28.39624581707451 2735.7947817256986 755.5018555456522 2340.768592162691 358137.5964692169 0.0 3.890582825 0 0 "" "" ""
1352 23 334 4.2481944071378483e-10 1.5750000000000002e-09 0.0019299029561719498 0.0014732893323525786 8.751335962112928e-05 2850 758 266.83532156831217 -28.396233333868086 63 2.6724241494086393e-05 2.0240279602477282e-05 1.1348740448544618e-05 8.595255355154437e-06 96.83428445296128 9.876503536910767e-06 266.8353242531684 -28.3962354586691 2849.527641679013 757.5750348529054 2325.092873309157 355739.2114470609 0.0 17.94791392 2 2 "" "" ""
1355 23 335 2.198648199303775e-10 6.250000000000001e-10 0.00038277759461843473 0.0004286142357159406 8.751335962112928e-05 2914 758 266.8349577996023 -28.396233336735385 25 2.040541173617599e-05 1.3719171796731096e-05 8.665380515693632e-06 5.8259958444301356e-06 169.79367598740131 7.105242492331768e-06 266.8349602320314 -28.396235873454206 2913.5720520279174 757.4926530521348 2319.9232042837734 354948.25207380875 0.0 2.201058375 0 0 "" "" ""
1570 23 336 9.802811987863496e-11 3.0000000000000005e-10 0.00018756162948361903 0.00042628817027434707 8.751335962112928e-05 4480 1173 266.8260569906535 -28.39415810591668 12 1.2771575092696665e-05 9.772906063119453e-06 5.423588575121378e-06 4.150171085787155e-06 147.75480097550025 4.744346159975502e-06 266.82605378013665 -28.394156835336734 4480.564873335061 1173.2540784727187 2364.1681574942804 361717.7300206573 0.0 7.404346868 2 2 124 "" ""
810 24 337 1.2999679678081135e-10 3.7500000000000005e-10 0.0002636744086340566 0.0004743695608340204 9.456818322148599e-05 3076 557 266.83403700984 -28.397238339699065 15 2.093266907010123e-05 7.907251564872909e-06 8.889286089725856e-06 3.357900567204057e-06 87.65591945229926 5.463454841282171e-06 266.83403545334943 -28.397235354835434 3076.2738402004234 557.596972656374 2514.4066595570516 384704.221227212 0.0 6.520295106 0 0 "" "" ""
812 24 338 1.592575013727842e-10 4.250000000000001e-10 0.0002847682080578511 0.0004741698212455958 9.456818322148599e-05 3061 561 266.83412226892807 -28.39721833968621 17 2.0237184163280237e-05 1.0019990878991719e-05 8.59394084315868e-06 4.255098346107388e-06 81.28410121912505 6.047153335931646e-06 266.83412386063065 -28.397224281494072 3060.719965500132 559.8116383055194 2512.2136859374677 384368.6962573205 0.0 3.942565373 0 0 "" "" ""
836 24 339 3.9748502572956493e-10 1.2750000000000003e-09 0.0027392014577793822 0.0019519372144713998 9.456818322148599e-05 3212 619 266.833263996329 -28.39692833738281 51 3.1604630238789634e-05 1.601354819115095e-05 1.342125072592299e-05 6.800327789353639e-06 113.97088218262637 9.553476031234747e-06 266.8332698106466 -28.396918173313303 3210.9770724388663 621.0328205846881 2454.90422241576 375600.3481843218 0.0 9.003457177 2 2 76 "" ""
837 24 340 9.527884213352162e-11 2.7500000000000003e-10 0.0002840400794185063 0.0006690481677651405 9.456818322148599e-05 3203 621 266.8333151517095 -28.396918337670147 11 1.4331627930966684e-05 8.464834246558935e-06 6.086082017693341e-06 3.5946841307135557e-06 100.14442501666606 4.677343524611314e-06 266.83331351949823 -28.396917061024507 3203.2871643939125 621.2553273453564 2454.258700724052 375501.58336375345 0.0 3.15534925 2 2 "" "" ""
840 24 341 3.3025963449732713e-10 1.0000000000000003e-09 0.0009232903497296636 0.0006780402036383748 9.456818322148599e-05 3246 629 266.83307074340115 -28.39687833612297 40 2.6576452005958976e-05 1.582253287764788e-05 1.1285980031484606e-05 6.7192110543801345e-06 58.464533693796106 8.70820772530518e-06 266.83306381276236 -28.396873426477182 3247.219349341079 629.9819190950516 2448.296168328129 374589.315891428 0.0 5.64268263 2 2 249 "" ""
842 24 342 2.9672348625456793e-10 9.500000000000002e-10 0.0018641298477588305 0.0016605406999588013 9.456818322148599e-05 3214 631 266.8332526289392 -28.396868337314956 38 2.109152085510159e-05 1.7912720052514234e-05 8.956744231733592e-06 7.606831821528344e-06 -179.03919673384016 8.254238125910926e-06 266.83325337569187 -28.39687132317984 3213.868616132496 630.4028279158879 2445.715325824427 374194.4469817223 0.0 6.412070273 2 2 76 "" ""
843 24 343 3.550958529141137e-10 1.05e-09 0.0007044425627855738 0.00047455247840844095 9.456818322148599e-05 2756 636 266.83585586394264 -28.396843327918674 42 3.4897770666400855e-05 1.2955835596394383e-05 1.4819718704213e-05 5.50183680648264e-06 130.00179113075836 9.029710617099437e-06 266.8358510747168 -28.396844658575986 2756.84259618968 635.7338810887759 2456.566056781543 375854.60884683207 0.0 5.164818378 0 0 "" "" ""
845 24 344 1.9962053959786905e-10 5.25e-10 0.0004446653957777303 0.0005596629926003516 9.456818322148599e-05 3251 638 266.8330423242298 -28.39683333591388 21 1.9459456097026772e-05 1.3061469489155209e-05 8.263670142476224e-06 5.546695390468167e-06 174.25279240538532 6.770233458871436e-06 266.83304230811336 -28.396833499053283 3251.0028351612045 637.9673720917617 2440.605836409811 373412.6950878326 0.0 4.628537139 1 2 249 "" ""
846 24 345 2.553048500409849e-10 8.000000000000001e-10 0.0006479231137127673 0.0006383660947903991 9.456818322148599e-05 3265 638 266.83296274937396 -28.396833335299846 32 2.2043327279871846e-05 1.4746855639957854e-05 9.360939204839379e-06 6.2624129903582656e-06 149.17431821544034 7.65650489964841e-06 266.832959070663 -28.396831657463313 3265.6472169813123 638.3355613972553 2441.356558220085 373527.55552697164 0.0 4.138369789 2 2 249 "" ""
847 24 346 6.229348861381699e-10 1.3250000000000003e-09 0.0008960522920422474 0.0005071521154604852 9.456818322148599e-05 2976 642 266.83460540165083 -28.39681333860449 53 3.409430500623284e-05 2.3263675088859788e-05 1.4478518253731248e-05 9.879173203892968e-06 -156.39374494183062 1.1959757086343224e-05 266.8345891055726 -28.39681346120755 2978.867050714704 641.975492172251 2431.8085563806358 372066.7112204757 0.0 4.600316032 0 0 "" "" ""
852 24 347 5.330453976802724e-10 1.7000000000000003e-09 0.0015516416522208189 0.0008319068583659828 9.456818322148599e-05 2953 651 266.8347361314592 -28.396768338020454 68 3.096527678179986e-05 2.1918293802223977e-05 1.3149742311367526e-05 9.307842375673299e-06 45.212872864605934 1.1063260311270398e-05 266.8347410330923 -28.39677458696929 2952.137637852016 649.7502054050342 2425.2136098238952 371057.6843805629 0.0 8.124129214 2 2 "" "" ""
1041 24 348 9.615601448778576e-11 3.0000000000000005e-10 0.00021058870653706697 0.0004949948051944375 9.456818322148599e-05 4546 1123 266.8256818417538 -28.394408083494167 12 1.5965559572395023e-05 7.668489407282726e-06 6.779948899316078e-06 3.256507614441484e-06 108.34821393087002 4.698824876088378e-06 266.8256822927772 -28.394403756306932 4545.920707579426 1123.8654429477076 2442.88159856608 373760.8867033532 0.0 3.412726981 1 2 123 "" ""
412 25 349 9.310826272902972e-11 2.5000000000000007e-10 0.0001858632783018522 0.0005116123938933015 0.0001049862391659806 2735 485 266.8359752398837 -28.397598326319972 10 1.2963809521906929e-05 9.144776474438748e-06 5.5052230208684784e-06 3.8834290092509204e-06 -144.42739056205374 4.623758512469767e-06 266.8359724346631 -28.397596387638703 2735.4935266777165 485.38774408165 2608.409394449962 399086.63993571873 0.0 5.046189391 0 0 "" "" ""
443 25 350 5.463058686615077e-10 2.1e-09 0.0030530417157039387 0.0019295794190838933 0.0001049862391659806 3510 565 266.8315701808236 -28.39719831708149 84 2.9767187709150494e-05 2.336767868185995e-05 1.2640960727323546e-05 9.923339463314629e-06 139.26102852233424 1.1200024305315598e-05 266.83157021251674 -28.39719768200409 3509.9944267082283 565.1270155904645 2544.847987167375 389361.74443687656 0.0 24.50500183 2 2 74 "" ""
39 27 351 7.657558809056742e-11 2.5000000000000007e-10 0.0002655962607394129 0.0007738283020444214 0.0001377912587940274 3251 306 266.83304230829293 -28.398493335956584 10 1.2520269529811915e-05 7.787430342284982e-06 5.316868928575543e-06 3.3070171789635124e-06 152.48899400987887 4.19320603895118e-06 266.8330396713887 -28.39849340947515 3251.4639162792214 305.985292366659 2771.8305612158606 424090.0789675359 0.0 6.935550326 1 2 "" "" ""
40 27 352 1.9405706304256916e-10 6.000000000000001e-10 0.0006355427654174019 0.0008079609251581132 0.0001377912587940274 3296 326 266.8327865291658 -28.39839333381556 24 2.1300085876924562e-05 1.1600203612320024e-05 9.045313641639489e-06 4.926152907861612e-06 119.88135633611722 6.6752227002761995e-06 266.8327916707293 -28.398390177978275 3295.0954391231867 326.63117697368443 2754.4185501485545 421426.0412162088 0.0 7.039562003 2 2 78 "" ""
45 27 353 9.038855927982459e-10 3.0000000000000004e-09 0.004830658797407726 0.002040582476183772 0.0001377912587940274 4004 424 266.82876228028533 -28.39790323730593 120 4.1440439341275663e-05 2.7771966038142112e-05 1.7598134273029347e-05 1.1793668096526292e-05 145.8171598560739 1.4406476138674999e-05 266.828758292975 -28.397911132054517 4004.701430756969 422.42101948364007 2808.9501122181236 429769.3703969897 0.0 11.69659126 2 2 72 "" ""
6 28 354 1.6673502057323136e-10 3.5000000000000003e-10 0.0004543796262476863 0.0008748191758058965 0.00015172615999027903 3246 173 266.83307072212307 -28.399158336184986 14 2.1440811454768804e-05 9.901548568319275e-06 9.105074292200111e-06 4.204800527842092e-06 80.59917889662971 6.187489086041647e-06 266.83307782454494 -28.399159666697706 3244.750460851147 172.7339076817775 2904.4081317525706 444374.4477265166 0.0 3.036234408 0 0 "" "" ""
8 28 355 3.6683852237755874e-10 1.2750000000000003e-09 0.002586996420662456 0.002050121081992984 0.00015172615999027903 3242 181 266.8330934586597 -28.39911833634594 51 2.5009688726614335e-05 1.867601273271061e-05 1.062063692696553e-05 7.93097237817387e-06 104.75143833940662 9.177798107736792e-06 266.8330935488307 -28.399117029655894 3241.9841382065674 181.2613381277597 2895.732138593751 443047.02074120136 0.0 13.20296037 2 2 71 "" ""
9 28 356 1.308164661358282e-10 4.0000000000000007e-10 0.0004522894997272145 0.0007730423239991069 0.00015172615999027903 2588 192 266.8368108199318 -28.399063312132203 16 1.6463860344030808e-05 1.0116918510312654e-05 6.991557753541386e-06 4.296259721272964e-06 122.12856303982558 5.48065214782817e-06 266.8368087970932 -28.39906412138753 2588.3558842605407 191.83815706091264 2920.486923821383 446834.5029727023 0.0 5.037059584 0 0 "" "" ""
10 28 357 1.3603349122485235e-10 4.250000000000001e-10 0.00047210586546223953 0.0007665159064345062 0.00015172615999027903 2590 205 266.83679945017565 -28.398998312357946 17 1.9347070757237065e-05 8.952578474363444e-06 8.215944482918136e-06 3.8018100335330637e-06 90.27109976416014 5.588869310523265e-06 266.83679943435527 -28.398998306142197 2590.0027832681044 205.00124321765907 2907.2329091988454 444806.6386862669 0.0 5.00674473 0 0 "" "" ""
14 28 358 9.641637893954757e-11 3.0000000000000005e-10 0.0003254276253623551 0.0007326866034418344 0.00015172615999027903 3345 234 266.83250800633505 -28.398853330957913 12 1.5862171176370792e-05 7.739371556210146e-06 6.7360438899959835e-06 3.286608491609144e-06 71.64358152354426 4.705182148303368e-06 266.8325073815323 -28.3988535975817 3345.1099218722084 233.94667382777243 2851.16392226443 436228.08348206285 0.0 6.166283913 0 1 77 extended ""
