public/catalog_MB3_4RMS_30.0rings_0.7mindelta3npix_final_Nazar_review.csv
# %ECSV 1.0
# ---
# datatype:
# - {name: _idx, datatype: int64}
# - {name: c_ID, datatype: int64}
# - {name: _name, datatype: int64}
# - {name: area_ellipse, unit: deg2, datatype: float64}
# - {name: area_exact, unit: deg2, datatype: float64}
# - {name: flux, unit: Jy, datatype: float64}
# - {name: peak, unit: Jy / beam, datatype: float64}
# - {name: ring_std, unit: Jy / beam, datatype: float64}
# - {name: x_peak_px, datatype: int64}
# - {name: y_peak_px, datatype: int64}
# - {name: x_peak, datatype: float64}
# - {name: y_peak, datatype: float64}
# - {name: npix, datatype: int64}
# - {name: major_fwhm, unit: deg, datatype: float64}
# - {name: minor_fwhm, unit: deg, datatype: float64}
# - {name: major_sigma, unit: deg, datatype: float64}
# - {name: minor_sigma, unit: deg, datatype: float64}
# - {name: position_angle, unit: deg, datatype: float64}
# - {name: radius, datatype: float64}
# - {name: x_cen, datatype: float64}
# - {name: y_cen, datatype: float64}
# - {name: x_cen_px, datatype: float64}
# - {name: y_cen_px, datatype: float64}
# - {name: radial_d_px, datatype: float64}
# - {name: radial_d_AU, unit: AU, datatype: float64}
# - {name: rejected, datatype: float64}
# - {name: 100.0GHz_snr, datatype: float64}
# - {name: core_score, datatype: int64}
# - {name: detection_score, datatype: int64}
# - {name: G2018, datatype: string}
# - {name: notes, datatype: string}
# - {name: Schmiedeke16, datatype: string}
# schema: astropy-2.0
_idx c_ID _name area_ellipse area_exact flux peak ring_std x_peak_px y_peak_px x_peak y_peak npix major_fwhm minor_fwhm major_sigma minor_sigma position_angle radius x_cen y_cen x_cen_px y_cen_px radial_d_px radial_d_AU rejected 100.0GHz_snr core_score detection_score G2018 notes Schmiedeke16
[from data line 72]
20366 1 73 8.225831531157658e-10 2.3750000000000006e-09 0.001335705290286688 0.0004803001938853413 5.0662546532502025e-05 3183 3163 266.8334289058061 -28.384208338147513 95 4.314775371575976e-05 2.4273876161186737e-05 1.832316393212657e-05 1.0308166100593774e-05 76.17544842362015 1.3743297177197678e-05 266.83343658273134 -28.384219386931647 3181.64918808964 3160.7902502009283 141.09093868658158 21586.91361885157 0.0 3.865027957 0 0 "" "" ""
20398 1 74 1.4146803134848766e-09 5.450000000000001e-09 0.0055597945755173316 0.0013529775897040963 5.0662546532502025e-05 3234 3163 266.8331390604954 -28.384208336506177 218 4.390576780728141e-05 4.1025534319324606e-05 1.8645062878554e-05 1.7421940332933343e-05 132.8909657622259 1.8023128834194083e-05 266.83312687731944 -28.3842011455203 3236.143713139647 3164.4381806930905 188.38252523288662 28822.52636092855 0.0 11.46440312 0 2 "" HII_new? ""
20406 1 75 3.606013753713965e-10 1.1000000000000001e-09 0.0007653643335097642 0.0005362282390706241 5.0662546532502025e-05 3210 3161 266.8332754582147 -28.384218337354955 44 2.72533417509544e-05 1.6847099041257786e-05 1.1573428639892612e-05 7.154304243675812e-06 83.33289953064724 9.099441171427117e-06 266.83327891386705 -28.384214007143786 3209.3919631624426 3161.866046184021 164.17203719994023 25118.321691524223 0.0 3.241369371 0 0 "" "" ""
20412 1 76 4.3760788789121194e-11 1.5000000000000002e-10 9.05062082400605e-05 0.0003999747277703136 5.0662546532502025e-05 3011 3160 266.8344064233736 -28.384223339161334 6 9.466417356938183e-06 5.885955931051388e-06 4.020017315936244e-06 2.499535343888254e-06 90.66146109598846 3.169885702075934e-06 266.8344092290163 -28.384223481130544 3010.5063306913844 3159.9716047326974 107.33347382938523 16422.021495925528 0.0 1.441486727 0 0 "" "" ""
20413 1 77 3.6410318796702064e-10 1.025e-09 0.0004971738426947749 0.00034285077708773315 5.0662546532502025e-05 3192 3161 266.8333777565693 -28.384218337902414 41 2.5366617732160875e-05 1.8275927629043285e-05 1.0772210719748431e-05 7.761071877916295e-06 173.84368332768358 9.14351692074926e-06 266.83337285486107 -28.384212562714314 3192.8624911137367 3162.1550327269697 150.78352590458636 23069.879463289097 0.0 2.038605341 0 0 "" "" ""
20419 1 78 1.775442333719916e-09 7.700000000000001e-09 0.010763670200711072 0.002925652079284191 5.0662546532502025e-05 3117 3167 266.83380399978586 -28.38418833936126 308 5.273085281832634e-05 4.287057298961693e-05 2.2392731423191746e-05 1.8205456115460186e-05 -147.5327690823503 2.019083676399281e-05 266.83379191968714 -28.384179315847366 3119.125569362423 3168.8046981662087 107.66600612441844 16472.898936394955 0.0 16.99068147 0 2 241_f10.30 HII F10.30
20424 1 79 8.140288644568423e-11 2.5000000000000007e-10 0.00014567156542339798 0.00037735633668489754 5.0662546532502025e-05 3203 3163 266.8333152409784 -28.384208337576943 10 1.1398577104864305e-05 9.092989210560469e-06 4.840530013712574e-06 3.861436983156375e-06 90.4948955908769 4.323355365110318e-06 266.83331533233275 -28.3842093485178 3202.9839244093196 3162.7978119278373 159.37700933493906 24384.68242881792 0.0 2.73469811 0 0 "" "" ""
20462 1 80 4.4249150086656485e-10 9.000000000000002e-10 0.000362678505462565 0.0003004551981575787 5.0662546532502025e-05 3023 3171 266.83433822432283 -28.384168339316936 36 4.0508620767653995e-05 1.390833008442094e-05 1.7202427358784265e-05 5.9063239731502045e-06 -164.16194746907058 1.0079836759866821e-05 266.8343535431826 -28.384173134987613 3020.3045571684843 3170.0408594690484 110.83514305028082 16957.776886496235 0.0 1.630937109 0 0 "" "" ""
20467 1 81 1.1868979924971024e-09 3.6750000000000006e-09 0.0031193187804360247 0.000780286907684058 5.0662546532502025e-05 3213 3177 266.8332584090935 -28.38413833725629 147 7.137988730515866e-05 2.117166676481183e-05 3.031224719518664e-05 8.990779065894003e-06 92.6640247056592 1.6508504399935453e-05 266.83326588869323 -28.384126243430952 3211.6839351717545 3179.418773778057 176.2112218476687 26960.316943014503 0.0 6.447852539 0 2 "" "" ""
20524 1 82 1.3856857074565042e-10 3.7500000000000005e-10 0.00023004743687114268 0.00041700617293827236 5.0662546532502025e-05 3018 3179 266.8343666404033 -28.384128339256225 15 1.5968061457802115e-05 1.1049180147305634e-05 6.7810113522251105e-06 4.6921547872081305e-06 130.12759549866942 5.640705175636796e-06 266.83436956420445 -28.38412349290734 3017.4855369793163 3179.969268463427 120.9511868935607 18505.531594683827 0.0 2.082585832 0 0 "" "" ""
20540 1 83 3.0568632427969637e-10 7.250000000000001e-10 0.0002836872026895323 0.0003031903179362416 5.0662546532502025e-05 3111 3183 266.83383809939494 -28.384108339420674 29 3.052705472599745e-05 1.2749953971806053e-05 1.2963646538687516e-05 5.414406930461848e-06 -164.0822830634788 8.377974556127958e-06 266.8338311395287 -28.384106335122254 3112.2246316263822 3183.4008573960546 118.44058433684897 18121.40940363112 0.0 1.966997567 0 0 "" "" ""
20575 1 84 1.5233827180925218e-10 4.500000000000001e-10 0.00018999108936416074 0.00032161190756596625 5.0662546532502025e-05 3101 3188 266.8338949317941 -28.384083339500844 18 1.914585028728051e-05 1.0130989803854972e-05 8.130494017018986e-06 4.302235249454835e-06 104.0971613755618 5.914329882201425e-06 266.83389707933173 -28.384081894486066 3100.6221279655024 3188.2890034670827 119.75958640810666 18323.216720823024 0.0 1.71180439 0 0 "" "" ""
20584 1 85 2.4693893929230564e-10 7.750000000000001e-10 0.0015978540321708943 0.0016289677005261183 5.0662546532502025e-05 3004 3189 266.8344462055404 -28.384078339054867 31 2.2755484959234413e-05 1.381723026536131e-05 9.663364726001956e-06 5.867637441985386e-06 125.54056694571625 7.530014653495034e-06 266.83444864676625 -28.38407491713629 3003.570449115218 3189.6843823363934 136.13308664755755 20828.362257796274 0.0 3.078616619 1 2 "" "" ""
20609 1 86 3.2696934753999527e-10 8.750000000000002e-10 0.0006451576786339877 0.0005572811933234334 5.0662546532502025e-05 3204 3195 266.83330955886896 -28.384048337545934 35 2.769417116785762e-05 1.5032671977137628e-05 1.1760631656884693e-05 6.383788013380892e-06 148.49505709741993 8.664720387929917e-06 266.8333139205744 -28.38404868684119 3203.232530485662 3194.9301457103147 179.81601091679647 27511.84967091916 0.0 4.562472099 0 2 "" "" ""
20619 1 87 1.6458878479069108e-10 4.750000000000001e-10 0.0010040339339259796 0.0014077412197366357 5.0662546532502025e-05 3019 3197 266.83436095691053 -28.384038339268837 19 2.45385359042273e-05 8.540220899378995e-06 1.0420556745305262e-05 3.626697894558967e-06 140.38146606157534 6.147537003412899e-06 266.8343642179622 -28.38403911656665 3018.4261981042387 3196.8445389928443 135.85400680841948 20785.663042763295 0.0 8.070822002 1 2 "" "" ""
20628 1 88 5.329652839478531e-11 1.7500000000000002e-10 0.00011807306778107861 0.00043796293903142214 5.0662546532502025e-05 3194 3196 266.8333663912298 -28.384043337845362 7 1.209794415600383e-05 5.609250792624168e-06 5.137523855180546e-06 2.382029490729278e-06 171.66367007933755 3.498247179998182e-06 266.83336482131955 -28.38404121252952 3194.2762378894176 3196.425061580231 174.45077902271967 26690.969190820622 0.0 3.424425021 0 2 "" "" ""
20633 1 89 5.380746012589943e-10 1.5000000000000002e-09 0.003398662578309206 0.0017233036924153566 5.0662546532502025e-05 2995 3205 266.83449735432004 -28.383998338901023 60 4.410951432155635e-05 1.5532012415011476e-05 1.87315860567072e-05 6.595838373206705e-06 134.97236309900785 1.1115327890073823e-05 266.83448543887846 -28.38400499831278 2997.0966014130363 3203.668125157136 151.48271948401486 23176.856082137278 0.0 5.751480121 1 2 "" multiple? ""
20656 1 90 2.7861535590313487e-10 8.250000000000001e-10 0.0018204591522514555 0.0015666187973693013 5.0662546532502025e-05 3009 3203 266.834417789132 -28.384008339132098 33 3.0329926028710487e-05 1.1696373016302899e-05 1.287993368865342e-05 4.966992293523293e-06 156.1445303197989 7.998408052395962e-06 266.83442190543445 -28.384007357669617 3008.2757102306077 3203.1962903300882 145.85352825005734 22315.58982279079 0.0 4.031837185 0 1 "" filament ""
20663 1 91 4.440712216751192e-10 1.025e-09 0.0007397986521936197 0.0005264666979201138 5.0662546532502025e-05 3099 3206 266.8339062983937 -28.38399333951402 41 2.8557446873872804e-05 1.9799342309721914e-05 1.2127231095273556e-05 8.408006527505881e-06 157.99013306720144 1.0097813536089501e-05 266.83390090518617 -28.38399564895586 3099.948968136012 3205.5381104058947 136.4315643487413 20874.02934578256 0.0 2.627764451 0 0 "" "" ""
20674 1 92 1.5566349725088236e-10 4.500000000000001e-10 0.0005054313729997386 0.0007460202905349433 5.0662546532502025e-05 3020 3207 266.8343552735389 -28.383988339281206 18 2.1372467158924684e-05 9.273627287873252e-06 9.076051142007239e-06 3.938146911668305e-06 -168.00739803645018 5.97853015172119e-06 266.83435833978416 -28.38398973543606 3019.4604755490113 3206.7207677008764 144.60320494183227 22124.29035669067 0.0 2.806728358 0 0 "" "" ""
20688 1 93 5.29759134399606e-10 1.6750000000000003e-09 0.004502014608973886 0.0023307057563215494 5.0662546532502025e-05 3002 3211 266.83445757159654 -28.383968339022335 67 2.682944744934619e-05 2.5141097812216272e-05 1.1393417304205754e-05 1.0676441227544351e-05 46.80808506164461 1.1029104688470389e-05 266.83445626520756 -28.383966257104913 3002.229866037733 3211.416384242692 155.89996724957524 23852.694989782794 0.0 7.362500841 0 2 "" HII G10.47
20701 1 94 3.9674220644025205e-10 1.025e-09 0.0008113916541250091 0.0006058701546862721 5.0662546532502025e-05 3105 3212 266.83387219906757 -28.383963339471585 41 3.167550839192426e-05 1.5947856626209144e-05 1.3451349906233684e-05 6.7724311502535825e-06 69.56621691685356 9.544545097485664e-06 266.83387009798037 -28.383957984530348 3105.3697012819835 3213.0709876689098 144.96399734254882 22179.491594336283 0.0 5.102114697 0 0 242_f10.318 "" ""
20713 1 95 4.694808120764106e-10 1.4750000000000002e-09 0.0014387579126951618 0.0008369315764866769 5.0662546532502025e-05 3116 3214 266.83380968358034 -28.383953339371732 59 2.923372779178765e-05 2.044801526912518e-05 1.2414421158625491e-05 8.68347257034515e-06 179.57502023052325 1.0382691635969784e-05 266.83381674854587 -28.3839524632751 3114.75687481285 3214.1752218717293 148.4652958035553 22715.190258450737 0.0 3.048503841 0 1 242_f10.318 "" ""
20725 1 96 7.92797432005608e-11 2.5000000000000007e-10 0.0001891089505467354 0.000489308382384479 5.0662546532502025e-05 3024 3215 266.8343325405176 -28.383948339328374 10 1.2804787301644251e-05 7.883287733766889e-06 5.43769250166883e-06 3.347724065115676e-06 -153.6400698864597 4.266602166424215e-06 266.8343353087527 -28.383948349320647 3023.512911441609 3214.9980004335803 150.99478760828623 23102.202505036308 0.0 2.892076272 0 0 "" "" ""
20734 1 97 6.570099406117341e-11 2.0000000000000003e-10 0.000212509020319255 0.00069207459455356 5.0662546532502025e-05 3013 3217 266.83439505598795 -28.38393833918963 8 1.0048600226934191e-05 8.3249931396937e-06 4.267247617557172e-06 3.535299080395031e-06 90.10197244131399 3.884069589768927e-06 266.83439502737684 -28.38394081770114 3013.005035686704 3216.504297707569 156.0829839229274 23880.69654079483 0.0 2.341181123 0 0 "" "" ""
20736 1 98 5.529900267660091e-10 1.2750000000000003e-09 0.000702983371385129 0.0004201121046207845 5.0662546532502025e-05 3097 3219 266.8339176649405 -28.38392833952629 51 3.4046337668235535e-05 2.0680660687327115e-05 1.4458148400799801e-05 8.782267983053164e-06 106.52181651495977 1.1268333230543698e-05 266.8339194857387 -28.383922526074073 3096.679620272761 3220.1626908180288 150.20408319099204 22981.224728627094 0.0 3.245258878 0 0 "" "" ""
20757 1 99 1.40066003517368e-10 4.250000000000001e-10 0.0005193295268130824 0.0008251140243373811 5.0662546532502025e-05 2998 3223 266.8344803042727 -28.383908338954424 17 1.6600599015568322e-05 1.0743022620045145e-05 7.049625320881002e-06 4.562141656095827e-06 154.79695236917593 5.671101245460103e-06 266.83447438197214 -28.38391029772561 2999.042068173557 3222.6082493728723 167.34905017822243 25604.40467800005 0.0 5.35729766 0 0 "" "" ""
20797 1 100 9.641055915605343e-11 3.0000000000000005e-10 0.00016022896492135473 0.00036320913932286203 5.0662546532502025e-05 3105 3227 266.8338721992002 -28.383888339471586 12 1.2929495138684586e-05 9.494247455201777e-06 5.490651044001391e-06 4.031835670515958e-06 88.90067385679086 4.705040141546137e-06 266.83387219454784 -28.38388582603874 3105.0008193975937 3227.502686568107 158.96584416412077 24321.77415768571 0.0 1.89039596 0 0 "" "" ""
20838 1 101 5.320082602073344e-10 1.4500000000000002e-09 0.0005594698230653656 0.00029495442868210375 5.0662546532502025e-05 3067 3234 266.83408816171175 -28.38385333959701 58 4.173208913032134e-05 1.6231765563656818e-05 1.7721986534972297e-05 6.892996175189041e-06 -179.03924664621948 1.1052492271081474e-05 266.8340823821873 -28.383852253328048 3068.016944939536 3234.217254008421 162.2661462710177 24826.720380135866 0.0 5.169083989 0 0 "" "" ""
20849 1 102 6.671213005443285e-10 2.0250000000000003e-09 0.0008910734773051679 0.0003794711083173752 5.0662546532502025e-05 3092 3240 266.83394608118493 -28.383823339552787 81 3.345868164732603e-05 2.53871234670809e-05 1.4208593865985324e-05 1.0780918703597682e-05 -140.39427735515534 1.237665929730735e-05 266.83395094606055 -28.383829522197935 3091.1439920839266 3238.763471764531 167.8587142446557 25682.38327994807 0.0 4.31469647 0 0 "" "" ""
18540 2 103 1.672934679881596e-10 5.000000000000001e-10 0.0001827284731019366 0.000251853110967204 5.0662546532502025e-05 3016 2783 266.8343780128206 -28.386108339230447 20 1.603788590486676e-05 1.3281568821774197e-05 6.810663064767641e-06 5.640162971179243e-06 177.2230101091004 6.19784233641681e-06 266.83437441043856 -28.38611010411212 3016.6338500336765 2782.6470253288117 294.60236678132577 45074.162121102294 0.0 6.963186495 0 0 "" "" ""
18635 2 104 6.104263368776587e-10 1.9000000000000005e-09 0.0009347611061462848 0.00044390434050001204 5.0662546532502025e-05 3203 2804 266.8333152283747 -28.38600333757703 76 3.9726033561497974e-05 1.9564807096372558e-05 1.6870093171376863e-05 8.308408592689475e-06 125.59319565335473 1.1839072052510686e-05 266.83332235977826 -28.385994440774187 3201.745219411301 2805.779368283379 296.1540928497924 45311.57620950017 0.0 5.95969044 2 2 "" "" ""
18962 2 105 1.3785936843099424e-09 6.875000000000001e-09 0.024312581242579075 0.007129722274839878 5.0662546532502025e-05 2959 2883 266.83470196035597 -28.385608338094734 275 4.402733928031291e-05 3.986863406109492e-05 1.8696689529723387e-05 1.6930650027896688e-05 170.17191774921088 1.7791770769318802e-05 266.83468545214737 -28.385604407787202 2961.9046746991285 2883.7860767835846 218.0492181724563 33361.53038207807 0.0 78.61738956 0 2 92_I10.52 HII I10.52
19045 2 106 1.2451238396349013e-10 3.7500000000000005e-10 0.00013753602614808883 0.0002446941507514566 5.0662546532502025e-05 2984 2889 266.83455987730383 -28.38557833868711 15 1.5361990670078887e-05 1.0320068115082574e-05 6.523636785959576e-06 4.382529415298458e-06 -170.72475405143612 5.346964569659213e-06 266.83456061944094 -28.3855773287781 2983.8694174317093 2889.2019812598705 202.933770573414 31048.86689895533 0.0 2.668618134 0 0 "" "" ""
19453 2 107 2.916799410944671e-10 1.1250000000000001e-09 0.0008652840924685082 0.000954138464294374 5.0662546532502025e-05 3278 2968 266.8328889871092 -28.385183334597325 45 2.1785737974325084e-05 1.7047150687555026e-05 9.251551098478421e-06 7.239258355867689e-06 122.1253419506697 8.18378693481183e-06 266.8328872183514 -28.385182976623508 3278.311221237587 2968.071591744383 231.00959731381434 35344.46839078704 0.0 8.592075605 2 2 "" "" ""
