public/catalog_MB6_4RMS_30.0rings_0.7mindelta3npix_final_Nazar_review.csv
# %ECSV 1.0
# ---
# datatype:
# - {name: _idx, datatype: int64}
# - {name: c_ID, datatype: int64}
# - {name: _name, datatype: int64}
# - {name: area_ellipse, unit: deg2, datatype: float64}
# - {name: area_exact, unit: deg2, datatype: float64}
# - {name: flux, unit: Jy, datatype: float64}
# - {name: peak, unit: Jy / beam, datatype: float64}
# - {name: ring_std, unit: Jy / beam, datatype: float64}
# - {name: x_peak_px, datatype: int64}
# - {name: y_peak_px, datatype: int64}
# - {name: x_peak, datatype: float64}
# - {name: y_peak, datatype: float64}
# - {name: npix, datatype: int64}
# - {name: major_fwhm, unit: deg, datatype: float64}
# - {name: minor_fwhm, unit: deg, datatype: float64}
# - {name: major_sigma, unit: deg, datatype: float64}
# - {name: minor_sigma, unit: deg, datatype: float64}
# - {name: position_angle, unit: deg, datatype: float64}
# - {name: radius, datatype: float64}
# - {name: x_cen, datatype: float64}
# - {name: y_cen, datatype: float64}
# - {name: x_cen_px, datatype: float64}
# - {name: y_cen_px, datatype: float64}
# - {name: radial_d_px, datatype: float64}
# - {name: radial_d_AU, unit: AU, datatype: float64}
# - {name: rejected, datatype: float64}
# - {name: 225.0GHz_snr, datatype: float64}
# - {name: core_score, datatype: int64}
# - {name: detection_score, datatype: int64}
# - {name: B3_match, datatype: int64}
# - {name: notes, datatype: string}
# - {name: Schmiedeke16, datatype: string}
# schema: astropy-2.0
_idx c_ID _name area_ellipse area_exact flux peak ring_std x_peak_px y_peak_px x_peak y_peak npix major_fwhm minor_fwhm major_sigma minor_sigma position_angle radius x_cen y_cen x_cen_px y_cen_px radial_d_px radial_d_AU rejected 225.0GHz_snr core_score detection_score B3_match notes Schmiedeke16
[from data line 181]
1994 4 182 1.130157262336983e-09 3.4413580246919083e-09 0.018515664043333217 0.002803780371323228 0.0002510587313264703 2545 2170 266.8331283330354 -28.38488552494584 446 6.191854260860427e-05 2.3239975550419932e-05 2.62943840397751e-05 9.869108936566102e-06 -169.85573359060217 1.6109070131712928e-05 266.8331466992506 -28.384881036008018 2539.1830894711056 2171.6160621306262 299.6179249510338 25467.52362238434 0.0 6.186854281 1 2 "" "bad contour" ""
2008 4 183 3.6782260681864364e-10 1.0416666666668332e-09 0.004752298763596603 0.001785397413186729 0.0002510587313264703 2546 2193 266.83312517622204 -28.384821636035447 135 3.960642681631673e-05 1.1824703698440238e-05 1.68193008633049e-05 5.02148931651583e-06 -160.29678468027507 9.190100086307604e-06 266.83311282846995 -28.384816501128466 2549.9107801779455 2194.848535982736 304.9396006591986 25919.866057116473 0.0 3.360568886 1 1 "" "" ""
2015 4 184 5.470216677623865e-10 1.9753086419756245e-09 0.014746772586471049 0.0047949026338756084 0.0002510587313264703 2617 2205 266.8329010029906 -28.384788300989374 256 2.86551355487746e-05 2.4306340331283667e-05 1.2168715655891228e-05 1.0321952364289564e-05 60.889190878334915 1.1207359338162309e-05 266.83289666655884 -28.38478186377774 2618.373452398517 2207.3173829588723 370.83797840766283 31521.22816623114 0.0 11.91390862 2 2 110 "" ""
2042 4 185 3.249087490199886e-10 1.0185185185186814e-09 0.005513524007855354 0.002211150247603655 0.0002510587313264703 2597 2238 266.83296415140967 -28.384696634842285 132 2.837308039618065e-05 1.4580500420820316e-05 1.2048937860900425e-05 6.191768433255665e-06 143.4216531007677 8.637374201768862e-06 266.8329617563824 -28.384701960998086 2597.7585336626335 2236.0825770079377 348.0369124071827 29583.137555325313 0.0 9.585187455 2 2 67 "" ""
2173 4 186 3.67684801760767e-10 1.7361111111113888e-09 0.030441053150056605 0.014441643841564655 0.0002510587313264703 2583 2405 266.83300835920153 -28.38423274629979 225 2.5044619738791386e-05 1.8692988941471282e-05 1.0635470762039579e-05 7.93818151026721e-06 -170.73918675516833 9.188378385559125e-06 266.83300530382695 -28.384229889281066 2583.967709042385 2406.028518284504 368.6181346611654 31332.541447209835 0.0 13.07696289 2 2 119 "" ""
2237 4 187 4.914005355085604e-10 1.3734567901236764e-09 0.005768924883233712 0.0014213825343176723 0.0002510587313264703 2445 2505 266.83344407608763 -28.383954971173143 178 4.3395102546811477e-05 1.4418245593897707e-05 1.8428203309370563e-05 6.122865152401999e-06 49.955831253981785 1.0622306899366268e-05 266.8334571801599 -28.383968182556668 2440.8496358054986 2500.243922901029 314.71511631313086 26750.78488773755 0.0 8.012075251 0 0 "" "" ""
2272 4 188 6.175780610101058e-11 1.851851851852148e-10 0.0013543584641457086 0.0021972344256937504 0.0002510587313264703 2361 2528 266.8337092935964 -28.38389108321945 24 9.876036087783058e-06 7.962083059945834e-06 4.1939663748926755e-06 3.3811853592579675e-06 160.6770635144964 3.76571078337242e-06 266.8337113798094 -28.3838914058316 2360.3392509204787 2527.8838615470227 298.98861316441 25414.032119799278 0.0 3.270131632 0 0 "" "" ""
2273 4 189 5.118141018007238e-10 1.4120370370372629e-09 0.006861929857507716 0.001602630945853889 0.0002510587313264703 2377 2538 266.8336587761514 -28.383863305303134 183 2.7669874833098313e-05 2.355171652837826e-05 1.1750313953495606e-05 1.0001493140877659e-05 167.64419467548063 1.0840695752996914e-05 266.8336634612201 -28.38387337491045 2375.516125169482 2534.3749462729193 310.84305967044986 26421.660072980285 0.0 4.991384228 0 0 "" "" ""
2289 4 190 8.742481338862455e-11 2.4691358024695307e-10 0.001163902475761313 0.0014416680205613375 0.0002510587313264703 2339 2547 266.83377875536763 -28.383838305601778 32 1.2988462430315243e-05 8.570269597552605e-06 5.515692147144321e-06 3.6394584017735277e-06 153.44212130112962 4.480416512615838e-06 266.8337799135121 -28.383838329112834 2338.633190411373 2546.991536870007 309.9351793761198 26344.490248069313 0.0 2.506380254 0 0 "" "" ""
2290 4 191 3.7917420255892106e-10 8.333333333334666e-10 0.004868616960748501 0.0019973753951489925 0.0002510587313264703 2315 2550 266.83385453167114 -28.383829972402907 108 3.4057941370288696e-05 1.4175484157020386e-05 1.4463076039358699e-05 6.019773862097423e-06 -178.29748474300322 9.330833141111195e-06 266.8338615180486 -28.38383246892482 2312.787260502096 2549.101255816645 305.62035487259703 25977.73016515881 0.0 3.427751136 0 0 "" "" ""
2300 4 192 1.5680226280185487e-10 4.552469135803197e-10 0.0018194600562941015 0.0012776299845427275 0.0002510587313264703 2383 2553 266.8336398322401 -28.3838216385797 59 1.5583262790288316e-05 1.2811838146953935e-05 6.617602403704486e-06 5.440686719984817e-06 162.35659155118378 6.0003584489574126e-06 266.8336405805815 -28.383820307295704 2382.7629856119815 2553.4792630653324 331.2486580490318 28156.135934903883 0.0 5.084946838 0 0 "" "" ""
2301 4 193 1.5514319786701618e-09 4.4521604938278726e-09 0.03308477485897017 0.0033822895493358374 0.0002510587313264703 2347 2565 266.8337534967496 -28.383788305547633 577 6.658759507004748e-05 2.966585854577338e-05 2.8277148060871174e-05 1.259793019359298e-05 -144.27118185857995 1.8874149976747248e-05 266.8337684464552 -28.383785867363983 2342.265102629655 2565.877757845375 329.0769014450606 27971.536624382323 0.0 5.083184121 0 1 "" extended ""
2348 4 194 8.589603201143101e-11 2.5462962962967034e-10 0.0014055489497946665 0.0017477048095315695 0.0002510587313264703 2351 2590 266.8337408675832 -28.38371886107436 33 1.1472062194638965e-05 9.533428670988797e-06 4.871736258083444e-06 4.048474400880811e-06 147.14401398324793 4.4410696379018525e-06 266.8337407170703 -28.38371874444463 2351.0476708532856 2590.0419865768094 354.73819137495894 30152.74626804694 0.0 3.72924221 0 0 "" "" ""
2355 4 195 2.7477059918952746e-10 7.947530864198802e-10 0.0034387926822324675 0.0014200329314917326 0.0002510587313264703 2359 2599 266.8337156089303 -28.38369386101322 103 2.6129952021857334e-05 1.3389031425180082e-05 1.1096368946321717e-05 5.685798137073404e-06 122.50036326507544 7.943029263654717e-06 266.8337180294569 -28.383693482255584 2358.233365856421 2599.136354931049 365.52791387136136 31069.872680749737 0.0 3.313520506 0 0 "" "" ""
1587 5 196 1.930744190457408e-10 5.246913580247752e-10 0.006026734369007411 0.0034952894784510136 0.0002510587313264703 2330 1824 266.8338071666912 -28.385846638990554 68 2.8902539944861207e-05 8.505625149398835e-06 1.2273778629432952e-05 3.6120064322312344e-06 146.92471423149476 6.658300635845011e-06 266.83380657422913 -28.385844767778735 2330.187643497082 1824.6736358603664 432.81933205652365 36789.64322686374 0.0 1.868759762 0 1 "" HII? ""
1589 5 197 6.374229221247006e-10 1.7515432098768233e-09 0.020788771911353223 0.003967772237956524 0.0002510587313264703 2350 1827 266.8337440186138 -28.385838305526235 227 4.700349496349102e-05 1.7266926407778303e-05 1.9960546481110515e-05 7.3325885110475036e-06 156.44406860286227 1.2098035948104165e-05 266.8337583290495 -28.385835654724612 2345.467661334592 1827.9543001856227 432.70850129446706 36780.2226121001 0.0 2.859701623 0 1 "" HII? ""
1602 5 198 7.776955117401239e-10 2.0138888888892108e-09 0.02189899701271408 0.0035116018261760473 0.0002510587313264703 2322 1861 266.8338324261524 -28.385743861257 261 6.0894484166483344e-05 1.626107111005139e-05 2.5859506459943954e-05 6.905441094900172e-06 92.7717715773292 1.3363057232622086e-05 266.83382965855014 -28.385761094492235 2322.876532305549 1854.7960336525173 401.8670974061748 34158.70328114573 0.0 2.886506099 0 1 "" HII? ""
1703 5 199 2.6681597246494456e-10 8.101851851853147e-10 0.003696488019854347 0.001494657713919878 0.0002510587313264703 2052 1906 266.8346849239688 -28.38561886001916 105 2.375694900709422e-05 1.4300086720632732e-05 1.0088647350027965e-05 6.0726876989212935e-06 140.69135916742886 7.827209251148823e-06 266.83469068320926 -28.385609629702184 2050.1759363835376 1909.3229046050167 394.9563769923946 33571.29204549515 0.0 3.070094575 0 2 105 HII I10.52
1903 5 200 8.039669953946444e-10 2.75462962963007e-09 0.020283169229148176 0.006338500417768955 0.0002510587313264703 2622 2063 266.83288521175325 -28.38518274529936 357 4.4119473355485216e-05 2.3201999497182376e-05 1.8735815269019997e-05 9.852981991614324e-06 87.36024250553696 1.3586892597053482e-05 266.83288118960405 -28.385188679954698 2623.273865182723 2060.86351164274 418.4566759612824 35568.81745847419 0.0 15.39866312 2 2 107 "" ""
2009 5 201 1.4105253335546986e-10 4.0895061728401604e-10 0.0017480941924228114 0.001432224060408771 0.0002510587313264703 1831 2197 266.83538269891363 -28.384810521724468 53 2.283345964562635e-05 7.865506309801293e-06 9.696477526513603e-06 3.340172989608604e-06 178.64746648909255 5.691037895534309e-06 266.8353877548025 -28.38481034328108 1829.3987038906591 2197.0642220057107 423.91938724328014 36033.147917086506 0.0 5.738560016 0 1 "" filament ""
2032 5 202 6.741282850595011e-11 2.0061728395064935e-10 0.0008121197976513653 0.0012500009033828974 0.0002510587313264703 1865 2225 266.8352753472972 -28.38473274494132 26 1.5673942083589684e-05 5.476231819102975e-06 6.656110354022267e-06 2.325541533697536e-06 171.10155523282782 3.93434379295366e-06 266.83527861895965 -28.384732274889522 1863.9638003142782 2225.169208179073 386.8339639822862 32880.88693958256 0.0 4.561317881 1 1 "" "" ""
2054 5 203 9.645035790106774e-11 2.932098765432568e-10 0.001216744779028981 0.0013323449529707432 0.0002510587313264703 2641 2250 266.83282522747965 -28.384663300327468 38 1.5315626481736877e-05 8.018379180416288e-06 6.5039477280038125e-06 3.4050921204515664e-06 45.84668017858705 4.706011173005718e-06 266.8328256821704 -28.384664138990907 2640.855987579864 2249.698082639736 390.8561041881313 33222.76885703206 0.0 3.121022718 1 1 113 "" ""
2064 5 204 1.3260546624124428e-10 4.166666666667333e-10 0.001988757490689348 0.001742170425131917 0.0002510587313264703 2647 2261 266.8328062836216 -28.384632744599884 54 1.45877808292917e-05 1.1574166070976633e-05 6.194860138070539e-06 4.915095782117191e-06 -145.5423621735669 5.51800062843748e-06 266.8328058595174 -28.38463265930433 2647.134322355446 2261.030704999105 397.2874858908804 33769.43630290354 0.0 4.072709151 1 1 114 "" ""
2187 5 205 6.700266254797029e-10 1.905864197531169e-09 0.022912084491328776 0.004727855324745178 0.0002510587313264703 2577 2440 266.83302730429045 -28.384135524221644 247 5.031398415097297e-05 1.695590071028037e-05 2.136638179938361e-05 7.200508058380113e-06 107.37321399590611 1.240358030267422e-05 266.8330226827693 -28.38415349035187 2578.4636766163717 2433.532180553288 376.2611435625384 31982.197204457385 0.0 4.441696263 0 2 122 HII B
2205 5 206 7.922881250593019e-11 2.391975308642358e-10 0.0023184622419269926 0.0030249925330281258 0.0002510587313264703 2578 2453 266.833024147289 -28.384099413086716 31 1.0994224334879515e-05 9.175633634293485e-06 4.668817202435109e-06 3.896532838530721e-06 -137.507781884547 4.2652314762959276e-06 266.8330227065661 -28.384100139500852 2578.45630492143 2452.738486982451 385.9876142398519 32808.94721276141 0.0 3.815378839 0 2 "" HII B
2212 5 207 1.5790404522395723e-10 4.6296296296303703e-10 0.0024226160559722466 0.0015757426153868437 0.0002510587313264703 2586 2468 266.8329988888812 -28.384057746226762 60 1.823027634766244e-05 1.1028527141828425e-05 7.741685563672377e-06 4.6833842633115e-06 81.90133490084362 6.0214025227025834e-06 266.833000039685 -28.384057567675043 2585.6355167037896 2468.064281826831 400.2539582336088 34021.58645188142 0.0 3.34828956 0 1 126 HII B
2070 6 208 3.776257314878438e-11 1.0802469135804197e-10 0.0009819336913943883 0.002635727170854807 0.0002510587313264703 2709 2265 266.8326105268978 -28.384621631557764 14 1.2329980654586495e-05 3.899569785366779e-06 5.2360606835349245e-06 1.6559948152282382e-06 -165.858081404538 2.944637387549486e-06 266.8326078989172 -28.384619282735166 2709.8323426862016 2265.8455661148146 460.1052763724616 39108.94849483574 0.0 4.413233767 2 2 115 "" ""
2074 6 209 6.134134333551832e-11 1.7746913580249752e-10 0.00165366182740508 0.002747151767835021 0.0002510587313264703 2720 2271 266.83257579607607 -28.384604964519287 23 1.575162179069922e-05 4.958445218038723e-06 6.6890978883663265e-06 2.105657809607084e-06 -155.85544609990407 3.7529923005336434e-06 266.83258063378753 -28.384607081215037 2718.4677931729134 2270.238008360933 468.90473469854913 39856.90245280531 0.0 4.985662889 2 2 "" "" ""
1562 7 210 1.2789549270682116e-10 3.395061728395605e-10 0.0013254663841444905 0.0012087185168638825 0.0002510587313264703 2529 1744 266.833178841228 -28.38606885861344 44 1.808941423351795e-05 9.002191511971511e-06 7.681866931483591e-06 3.822878750742584e-06 112.68752450878851 5.419118549948945e-06 266.8331760324239 -28.38607306751379 2529.8895795799303 1742.4847893597316 579.5773164890653 49264.07190651028 0.0 4.538660126 0 0 "" "" ""
1563 7 211 9.159251389938901e-10 2.3225308641979023e-09 0.01151638812623341 0.0019430883694440126 0.0002510587313264703 2488 1765 266.8333082955223 -28.38601052605133 301 6.637859860435794e-05 1.756909585027791e-05 2.8188395433624537e-05 7.4609080584954e-06 143.40611075966748 1.4502104214450543e-05 266.83330687810206 -28.38600356421976 2488.4489342962843 1767.5062565700664 538.1989471525044 45746.910512204464 0.0 5.083873416 1 2 104 "" ""
1576 7 212 9.559138990780016e-10 2.5848765432102898e-09 0.013850619150360443 0.0025691331829875708 0.0002510587313264703 2610 1812 266.832923092903 -28.385879967841245 335 3.8494176163364686e-05 3.1618499734430176e-05 1.6346971499836523e-05 1.3427140558426244e-05 149.07516265845777 1.481529898560582e-05 266.8329286303254 -28.385886369042357 2608.246189915579 1809.6955840987494 567.6339588600833 48248.88650790733 0.0 4.510969978 2 2 143 "" ""
1591 7 213 1.1937680474350237e-10 3.395061728395605e-10 0.001321622386025385 0.0012030686484649777 0.0002510587313264703 1854 1830 266.8353100913271 -28.385829966850988 44 1.8480417421991174e-05 8.224806440075367e-06 7.847910697459808e-06 3.4927537063526522e-06 112.77496411286101 5.235534277958399e-06 266.8353088478243 -28.385835648109342 1854.3938581964676 1827.9547510724274 578.4690238681872 49169.86703296151 0.0 4.625210741 0 1 "" "" ""
2127 7 214 4.643510218699548e-10 1.6820987654323677e-09 0.012474027410530022 0.004103040788322687 0.0002510587313264703 2784 2338 266.83237372747465 -28.38441885107025 218 3.374972913555925e-05 1.7518367242023908e-05 1.4332190354323095e-05 7.439365602051202e-06 -154.2924919472529 1.03258125067232e-05 266.8323797908902 -28.384425088896656 2782.079563490918 2335.754409309206 538.9457121089812 45810.385534315 0.0 23.54337623 2 2 116 "" ""
2345 7 215 3.8171148987935073e-10 1.2654320987656344e-09 0.0068303806006365314 0.0023423926904797554 0.0002510587313264703 2663 2589 266.8327557769226 -28.383721633017238 164 3.483222903512331e-05 1.3953124773556946e-05 1.4791885736077771e-05 5.925346526160372e-06 158.06587954166295 9.362000254306212e-06 266.83275472268326 -28.383722205234218 2663.333898700354 2588.7939982710063 534.4401604289194 45427.41364054273 0.0 8.957986823 0 2 133 HII B10.06
1542 8 216 3.535661977825707e-10 1.1651234567903098e-09 0.0073111495564876375 0.003042044583708048 0.0002510587313264703 2458 1624 266.83340301539596 -28.38640219320498 151 3.064792777116037e-05 1.4688827650426235e-05 1.301497659484955e-05 6.237770772090222e-06 119.82581604933696 9.010240873738663e-06 266.8333990308101 -28.38640800935808 2459.261963105557 1621.906177985302 662.0365688206525 56273.1083570024 0.0 17.27051451 2 2 140 "" ""
