public/.ipynb_checkpoints/catalog_NB6_4RMS_30.0rings_0.7mindelta3npix_final_Nazar_review-checkpoint.csv
# %ECSV 1.0
# ---
# datatype:
# - {name: _idx, datatype: int64}
# - {name: c_ID, datatype: int64}
# - {name: _name, datatype: int64}
# - {name: area_ellipse, unit: deg2, datatype: float64}
# - {name: area_exact, unit: deg2, datatype: float64}
# - {name: flux, unit: Jy, datatype: float64}
# - {name: peak, unit: Jy / beam, datatype: float64}
# - {name: ring_std, unit: Jy / beam, datatype: float64}
# - {name: x_peak_px, datatype: int64}
# - {name: y_peak_px, datatype: int64}
# - {name: x_peak, datatype: float64}
# - {name: y_peak, datatype: float64}
# - {name: npix, datatype: int64}
# - {name: major_fwhm, unit: deg, datatype: float64}
# - {name: minor_fwhm, unit: deg, datatype: float64}
# - {name: major_sigma, unit: deg, datatype: float64}
# - {name: minor_sigma, unit: deg, datatype: float64}
# - {name: position_angle, unit: deg, datatype: float64}
# - {name: radius, datatype: float64}
# - {name: x_cen, datatype: float64}
# - {name: y_cen, datatype: float64}
# - {name: x_cen_px, datatype: float64}
# - {name: y_cen_px, datatype: float64}
# - {name: radial_d_px, datatype: float64}
# - {name: radial_d_AU, unit: AU, datatype: float64}
# - {name: rejected, datatype: float64}
# - {name: core_score, datatype: int64}
# - {name: detection_score, datatype: int64}
# - {name: B3_match, datatype: int64}
# - {name: notes, datatype: string}
# - {name: Schmiedeke16, datatype: string}
# schema: astropy-2.0
_idx c_ID _name area_ellipse area_exact flux peak ring_std x_peak_px y_peak_px x_peak y_peak npix major_fwhm minor_fwhm major_sigma minor_sigma position_angle radius x_cen y_cen x_cen_px y_cen_px radial_d_px radial_d_AU rejected core_score detection_score B3_match notes Schmiedeke16
[from data line 75]
1483 1 76 4.7158240266640385e-11 1.466049382716284e-10 0.0008667133439049472 0.0018789592431858182 0.000352727627963259 2367 2334 266.83265289231326 -28.371602194278875 19 1.2287473164386274e-05 4.8866644755080725e-06 5.218009414483637e-06 2.075175334871012e-06 177.53310003288203 3.290635870779563e-06 266.8326518104787 -28.37160231442541 2367.342679955301 2333.9567461898278 144.2845791132071 12264.1892255902 0.0 0 0 "" "" ""
1486 1 77 8.911080783073837e-11 2.4691358024695307e-10 0.004605102205772832 0.005833720322698355 0.000352727627963259 2227 2339 266.83309486965544 -28.37158830586855 32 1.3449094237088007e-05 8.43635519449498e-06 5.711304464843404e-06 3.5825901908288285e-06 155.74557067105926 4.5234127992683656e-06 266.83309429562775 -28.371588802639472 2227.1818281666465 2338.821162569799 91.70533183009113 7794.953205474169 0.0 1 2 27 "" ""
1489 1 78 4.835451817614615e-11 1.388888888889111e-10 0.0014339744683999668 0.0030809915624558926 0.000352727627963259 2273 2346 266.83294964855787 -28.371568861424084 18 1.1214376176190258e-05 5.490089855306045e-06 4.76230708153449e-06 2.33142649982576e-06 144.18779998716326 3.3321117823682607e-06 266.8329468933909 -28.37157098826595 2273.8727218456684 2345.234336385669 98.18088243206718 8345.375007748977 0.0 0 1 "" "" ""
1491 1 79 3.046082815261217e-11 9.25925925926074e-11 0.0015882919516904705 0.004960932303220034 0.000352727627963259 2224 2346 266.8331043405824 -28.37156886141875 12 8.183508732329288e-06 4.73935967204158e-06 3.4752161846073176e-06 2.012620744435395e-06 135.0849254712737 2.6446724153547474e-06 266.83310538696 -28.371569774268117 2223.6685513052603 2345.671373998223 99.2288113053439 8434.448960974612 0.0 0 1 "" "" ""
1492 1 80 7.71483617674296e-11 2.237654320988012e-10 0.003264728352454768 0.0044890157878398895 0.000352727627963259 2337 2346 266.83274760183207 -28.37156886116808 29 1.364474578578036e-05 7.199109377608374e-06 5.794390027625669e-06 3.057180268530352e-06 173.49451337981893 4.208859092512629e-06 266.83274935504335 -28.371568466644824 2336.4446558932045 2346.142029628751 129.29024864091718 10989.671135711524 0.0 0 0 "" "" ""
1497 1 81 1.4571323368795813e-10 3.9351851851858143e-10 0.012231419899540309 0.009792173281311989 0.000352727627963259 2179 2350 266.833246404663 -28.371557750148924 51 2.4895317766756516e-05 7.45244594400995e-06 1.0572068052201976e-05 3.164762402857838e-06 121.79882774755525 5.7842962832191876e-06 266.8332512477242 -28.37154977280927 2177.4659140151684 2352.871839380226 125.87219298608392 10699.136403430513 0.0 1 2 31 "bad contour" ""
1500 1 82 6.495054757946785e-11 1.9290123456793208e-10 0.003282123650445186 0.005084208678454161 0.000352727627963259 2220 2353 266.8331169684854 -28.371549416966165 25 1.2253132033322634e-05 6.749214268145956e-06 5.203426078854188e-06 2.866127406375654e-06 135.20391693882763 3.8618236743349364e-06 266.83311770176175 -28.371550106577082 2219.767728698862 2352.7517398747555 107.10700385742769 9104.095328184701 0.0 0 1 "" "" ""
1501 1 83 8.88569899628941e-11 2.623456790123876e-10 0.0030404604857928582 0.0038824588991701603 0.000352727627963259 2298 2351 266.83287072407546 -28.371554972470676 34 1.8211643149268254e-05 6.212408109061995e-06 7.733772772869741e-06 2.638166819656211e-06 175.66083329738495 4.516966096855893e-06 266.83286629541703 -28.371554117905607 2299.402815387995 2351.3076416266817 112.71147421722637 9580.475309085532 0.0 0 0 "" "" ""
1503 1 84 7.543174780209928e-11 2.1604938271608393e-10 0.002883042014218677 0.004260987974703312 0.000352727627963259 2340 2356 266.83273813096616 -28.371541083371 28 1.1979050829895624e-05 8.017690275379936e-06 5.08703450829432e-06 3.404799569418715e-06 -161.52254057794764 4.161770404942906e-06 266.8327389306426 -28.371543354674053 2339.7466937708305 2355.1823314959406 138.2671034690362 11752.703794711815 0.0 0 0 "" "" ""
1508 1 85 3.078812088276988e-10 9.876543209878123e-10 0.020165286813071313 0.007943815551698208 0.000352727627963259 2319 2365 266.83280442758206 -28.371516083492416 128 2.4404638622060902e-05 1.6063061211550546e-05 1.0363695804933643e-05 6.82135403316538e-06 99.88917405924029 8.40799846440776e-06 266.8328027569338 -28.3715183202834 2319.5291906847106 2364.1947542755997 133.69648559829628 11364.20127684125 0.0 2 2 33 resolved? ""
1512 1 86 4.5918074744075875e-10 1.4814814814817184e-09 0.01865189270367075 0.005904241465032101 0.000352727627963259 2294 2362 266.8328833520342 -28.371524416928484 192 3.395901341193039e-05 1.7216549617866714e-05 1.4421065203512851e-05 7.311195458097282e-06 172.79258784363893 1.0268165679265597e-05 266.8328929048313 -28.371520839201647 2290.974071274246 2363.2879850247614 120.47008785485941 10239.957467898828 0.0 1 1 "" "" ""
1514 1 87 3.607928735912226e-10 1.087962962963137e-09 0.0405302676855258 0.01373625174164772 0.000352727627963259 2168 2367 266.8332811313252 -28.37151052786549 141 2.946542051456764e-05 1.5590599656086676e-05 1.2512811998838058e-05 6.620718083738653e-06 163.80861383022778 9.101856990698608e-06 266.83328366250794 -28.371509415205896 2167.198225256285 2367.4005557140217 143.6628844993378 12211.345182543084 0.0 1 2 32 "" ""
1522 1 88 8.962649711005971e-10 2.4305555555559445e-09 0.03551804972537809 0.006288030184805393 0.000352727627963259 2236 2375 266.8330664567877 -28.371488305880654 315 4.123551444934426e-05 2.7674674298099588e-05 1.7511110683959847e-05 1.1752352098623256e-05 166.2006864410567 1.4345617393331652e-05 266.8330846774681 -28.3714811504899 2230.228440507842 2377.5759381152307 129.09893318975605 10973.409321237212 0.0 1 2 35 multiple ""
1528 1 89 4.5059053879192534e-11 1.311728395061938e-10 0.0022282111499805453 0.005102639086544514 0.000352727627963259 2306 2375 266.83284546834915 -28.371488305773735 17 1.0298834814322863e-05 5.570722029886085e-06 4.37351246268481e-06 2.3656678316634885e-06 60.964190131294686 3.216563032858647e-06 266.83284327000666 -28.371485598037857 2306.6963454439674 2375.97478388671 138.1452922180304 11742.349838813934 0.0 0 1 "" "" ""
1530 1 90 4.643911679729239e-11 1.388888888889111e-10 0.0018556482589737577 0.00387973221950233 0.000352727627963259 2324 2377 266.83278864276286 -28.371482750133083 18 1.0402819419830386e-05 5.683952031932003e-06 4.417670658860755e-06 2.4137521862556164e-06 48.81847989394544 3.265449771621428e-06 266.8327882794772 -28.37148273030852 2324.1150738969022 2377.0071366188945 147.0505250955392 12499.294633409156 0.0 0 0 "" "" ""
1533 1 91 9.643752555429464e-11 2.623456790123876e-10 0.005221179758791294 0.006055510602891445 0.000352727627963259 2257 2382 266.8330001602602 -28.37146886144155 34 1.2806363090491092e-05 9.588214914649552e-06 5.438361677578967e-06 4.071739976429296e-06 -166.01143009009812 4.705698104307093e-06 266.8329978135328 -28.371468510466137 2257.743346364947 2382.1263510096514 132.35305831016206 11250.00995602765 0.0 1 1 "" "" ""
1534 1 92 1.5186868516211504e-10 3.626543209877123e-10 0.008610846283553417 0.007126479409635067 0.000352727627963259 2279 2384 266.8329307067684 -28.371463305857194 47 1.6841913916281734e-05 1.1481385580037741e-05 7.152102323836121e-06 4.875695535319278e-06 160.35979742246403 5.9052073095255864e-06 266.83292754379784 -28.371463286721323 2280.0018985483684 2384.0068881372376 137.32428767240233 11672.564452316032 0.0 0 1 "" "" ""
1538 1 93 4.5670127993014264e-11 1.2345679012347653e-10 0.0028316101738645374 0.006613025441765785 0.000352727627963259 2269 2382 266.83296227653483 -28.371468861430213 16 9.01015756534993e-06 6.453827531111055e-06 3.826261622140858e-06 2.7406882087358115e-06 -151.78317837415577 3.2383004973812745e-06 266.8329613060256 -28.371466781063003 2269.3074176246005 2382.7489320297123 134.1456496885378 11402.380224191807 0.0 0 1 "" "" ""
1545 1 94 1.3278976136460462e-10 3.626543209877123e-10 0.0031578149935314395 0.0027070187497884035 0.000352727627963259 2244 2399 266.83304120095426 -28.3714216392198 47 1.7542795102738724e-05 9.63791988499734e-06 7.449739159370949e-06 4.092847733878819e-06 -142.2146823104369 5.521833756680808e-06 266.83304554015064 -28.371423213677257 2242.62552125223 2398.433195069193 148.61627210790354 12632.383129583975 0.0 0 0 "" "" ""
1239 2 95 1.0074643714823713e-10 2.932098765432568e-10 0.0019079499024253887 0.0019441712647676468 0.000352727627963259 2284 2035 266.83291492090285 -28.372432750290216 38 1.2837731868877235e-05 9.992149153475419e-06 5.451682771244844e-06 4.243275053888074e-06 163.54921739901474 4.809676652846286e-06 266.83291344911805 -28.372433469489213 2284.4661961849692 2034.7410879369397 218.00072913188413 18530.0619767628 0.0 0 0 "" "" ""
1241 2 96 3.1417784564555787e-10 8.873456790124876e-10 0.0066241329491616065 0.0024783445987850428 0.000352727627963259 2328 2042 266.8327760126928 -28.372413305666548 115 3.10607373536608e-05 1.2878975246571206e-05 1.3190280683742254e-05 5.469197221141345e-06 82.80117245734908 8.493541455812027e-06 266.8327795738746 -28.372416406671647 2326.87197246128 2040.8836404503713 222.79800713062357 18937.830606903535 0.0 0 0 "" "" ""
1242 2 97 7.061228289691416e-10 1.6435185185187813e-09 0.010329339115283312 0.002389405155554414 0.000352727627963259 2268 2040 266.8329654330031 -28.372418861431548 213 4.076379618981982e-05 2.2055816675236116e-05 1.7310790383255832e-05 9.366242962717024e-06 99.43158944826246 1.2733305486252949e-05 266.8329628168049 -28.372406051272268 2268.828698403656 2044.6116569464048 206.24958508049696 17531.21473222492 0.0 0 0 "" "" ""
1244 2 98 3.4915844355593183e-10 8.719135802470531e-10 0.005602759117030657 0.0019524814561009407 0.000352727627963259 2290 2044 266.8328959788978 -28.372407750274057 113 2.932098750042786e-05 1.5162173727473301e-05 1.2451476945042947e-05 6.438782343248664e-06 64.21206951943279 8.953901378790718e-06 266.83288676186237 -28.37241046064426 2292.9195493276607 2043.0242635539023 211.37890905171687 17967.207269800332 0.0 0 0 "" "" ""
1246 2 99 8.536049645982152e-10 2.5231481481485516e-09 0.018712185612925685 0.003735152306035161 0.000352727627963259 2166 2074 266.8332874473163 -28.372324416742305 327 6.778023515550448e-05 1.6035088952078818e-05 2.878361567310917e-05 6.809475308279054e-06 55.2871677155957 1.4000047150243133e-05 266.8333032927348 -28.37234639577135 2160.980884587364 2066.0875381686083 204.32375418861932 17367.51910570072 0.0 0 2 52 filament ""
1247 2 100 3.065480078767101e-10 7.484567901235765e-10 0.004451700183389272 0.002098862547427416 0.000352727627963259 2194 2052 266.833199051346 -28.372385527995977 97 3.4825648028849595e-05 1.1207707912203754e-05 1.478909104002972e-05 4.759475330547584e-06 -176.28128014742393 8.389774369209447e-06 266.83320477407057 -28.37239029658413 2192.1872954196683 2050.2833055614656 207.91600911990312 17672.860775499663 0.0 0 1 "" filament ""
1259 2 101 5.664473822991489e-11 1.6203703703706294e-10 0.001507873899198574 0.0028326050378382206 0.000352727627963259 2330 2060 266.8327696988014 -28.372363305655057 21 9.819849632060601e-06 7.344669347610152e-06 4.1701061840296755e-06 3.118993896416242e-06 71.70707366305655 3.606457505003516e-06 266.8327690893042 -28.372360214969557 2330.1930642740003 2061.1126463667556 205.2056527491976 17442.480483650525 0.0 0 1 "" resolved? ""
1263 2 102 1.1097807022178154e-10 3.3179012345684317e-10 0.0032073125079185886 0.0031057156156748533 0.000352727627963259 2331 2070 266.83276654186466 -28.37233552787142 43 1.5048187184787778e-05 9.390106031791911e-06 6.3903767154275265e-06 3.987610879908446e-06 98.65818833716824 5.0480031415553225e-06 266.83276838134736 -28.37233270332645 2330.4173347324713 2071.0168374099767 196.2190618064439 16678.620253260946 0.0 0 1 "" resolved? ""
1264 2 103 1.696106376227309e-10 4.861111111111888e-10 0.0028664368268035843 0.0019316300749778748 0.000352727627963259 2233 2075 266.83307592814236 -28.372321639210618 63 2.0981233384456083e-05 1.0292943397722415e-05 8.909909455174664e-06 4.371010608408141e-06 60.432222267113886 6.240617657614065e-06 266.83307128445205 -28.372314471123556 2234.4709164867736 2077.5805119612633 173.11739453417397 14714.978535329112 0.0 0 1 "" "" ""
1266 2 104 2.6958996167467003e-10 7.793209876544456e-10 0.005024762741816876 0.0021967694628983736 0.000352727627963259 2300 2078 266.8328644089878 -28.37231330579689 101 2.563920369035126e-05 1.3388030613365163e-05 1.0887967318120177e-05 5.685373131427206e-06 -158.5325295775045 7.867792374376563e-06 266.83285361564197 -28.372309149323137 2303.41886118483 2079.4963259179535 178.6759010212649 15187.451587520167 0.0 0 2 1 "" ""
1271 2 105 4.962184722287369e-10 1.4043209876545455e-09 0.01597040355195769 0.0038222249131649733 0.000352727627963259 2334 2090 266.83275707099483 -28.37227997229786 182 4.302190919223212e-05 1.4685906552000996e-05 1.826972268348713e-05 6.23653029580355e-06 101.47109437577541 1.0674253089162578e-05 266.8327625186784 -28.37228297584515 2332.274409633624 2088.9187267210086 180.8763530197977 15374.490006302942 0.0 0 1 "" "" ""
1278 2 106 1.6320914156515917e-10 5.16975308642058e-10 0.0036179544260880204 0.0025672290939837694 0.000352727627963259 2311 2091 266.83282968202866 -28.372277194641345 67 1.6831655019151883e-05 1.2346252980731903e-05 7.147745771346475e-06 5.242970904203271e-06 67.35556435031118 6.121717333380522e-06 266.8328281734048 -28.37227826187034 2311.477865495346 2090.6157968002344 170.82989251149237 14520.540863843227 0.0 0 1 "" "" ""
1281 2 107 1.171732415929655e-10 3.626543209877123e-10 0.0022444396091090353 0.0021036204416304827 0.000352727627963259 2398 2101 266.8325550230492 -28.37224941620234 47 1.8715125865084332e-05 7.971741456320404e-06 7.947582196175147e-06 3.3852869025563403e-06 172.4231863560911 5.18698813529602e-06 266.83255144043846 -28.372252101686918 2399.134811043326 2100.033221136252 211.49758066629704 17977.294357338276 0.0 0 0 "" "" ""
1282 2 108 6.068117995742593e-11 1.7746913580249752e-10 0.001632624618978058 0.0027981502935290337 0.000352727627963259 2317 2101 266.83281074007704 -28.372249416835658 23 9.621641835029215e-06 8.03012569372225e-06 4.085935082526766e-06 3.41008040536563e-06 -163.08884831480557 3.732742579193015e-06 266.83281104296697 -28.372247555043916 2316.904058850911 2101.6702451927167 162.72021771099912 13831.218505814079 0.0 0 1 "" "" ""
1296 2 109 1.0793324760384372e-10 3.163580246914086e-10 0.005398544838214235 0.005335412919521332 0.000352727627963259 2325 2115 266.8327854841611 -28.372210527905445 41 1.609905232849248e-05 8.53635455562752e-06 6.83663805328313e-06 3.6250560095411996e-06 138.273799473834 4.978272377051306e-06 266.8327878859249 -28.372210250799817 2324.2392258946325 2115.0997595100257 153.9790165759191 13088.21640913232 0.0 0 1 "" "" ""
1297 2 110 3.3567555899971566e-10 9.876543209878123e-10 0.01120777134937645 0.00440407358109951 0.000352727627963259 2356 2122 266.83268761724764 -28.372191083256958 128 3.948446262754102e-05 1.0824578678320777e-05 1.6767507441114075e-05 4.596775325215354e-06 132.95824222852357 8.779320273841138e-06 266.8326913281197 -28.37218935948188 2354.8245586528283 2122.620562266749 164.96578207009907 14022.091475978166 0.0 0 1 "" "" ""
1301 2 111 3.148931795429739e-10 9.336419753087914e-10 0.006462073584666507 0.002377960365265608 0.000352727627963259 2097 2128 266.83350527981105 -28.372174416147626 121 3.1003418242568624e-05 1.2932163521232444e-05 1.3165939498430397e-05 5.491784201736094e-06 149.2897486633378 8.503205192072768e-06 266.8335048470025 -28.372175539383406 2097.137096583315 2127.595635662311 195.83129384726166 16645.659976881045 0.0 0 0 "" "" ""
