public/.ipynb_checkpoints/catalog_NB6_4RMS_30.0rings_0.7mindelta3npix_final_Nazar_review-checkpoint.csv
# %ECSV 1.0
# ---
# datatype:
# - {name: _idx, datatype: int64}
# - {name: c_ID, datatype: int64}
# - {name: _name, datatype: int64}
# - {name: area_ellipse, unit: deg2, datatype: float64}
# - {name: area_exact, unit: deg2, datatype: float64}
# - {name: flux, unit: Jy, datatype: float64}
# - {name: peak, unit: Jy / beam, datatype: float64}
# - {name: ring_std, unit: Jy / beam, datatype: float64}
# - {name: x_peak_px, datatype: int64}
# - {name: y_peak_px, datatype: int64}
# - {name: x_peak, datatype: float64}
# - {name: y_peak, datatype: float64}
# - {name: npix, datatype: int64}
# - {name: major_fwhm, unit: deg, datatype: float64}
# - {name: minor_fwhm, unit: deg, datatype: float64}
# - {name: major_sigma, unit: deg, datatype: float64}
# - {name: minor_sigma, unit: deg, datatype: float64}
# - {name: position_angle, unit: deg, datatype: float64}
# - {name: radius, datatype: float64}
# - {name: x_cen, datatype: float64}
# - {name: y_cen, datatype: float64}
# - {name: x_cen_px, datatype: float64}
# - {name: y_cen_px, datatype: float64}
# - {name: radial_d_px, datatype: float64}
# - {name: radial_d_AU, unit: AU, datatype: float64}
# - {name: rejected, datatype: float64}
# - {name: core_score, datatype: int64}
# - {name: detection_score, datatype: int64}
# - {name: B3_match, datatype: int64}
# - {name: notes, datatype: string}
# - {name: Schmiedeke16, datatype: string}
# schema: astropy-2.0
_idx c_ID _name area_ellipse area_exact flux peak ring_std x_peak_px y_peak_px x_peak y_peak npix major_fwhm minor_fwhm major_sigma minor_sigma position_angle radius x_cen y_cen x_cen_px y_cen_px radial_d_px radial_d_AU rejected core_score detection_score B3_match notes Schmiedeke16
[from data line 186]
1180 4 187 1.0147890308053472e-09 1.797839506173127e-09 0.009859102793923151 0.001863346784375608 0.000352727627963259 2182 1943 266.8332369360115 -28.372688305719652 233 4.906446592992326e-05 2.6334568132946117e-05 2.08357602668863e-05 1.1183261408240646e-05 54.068762548084145 1.5264722522994757e-05 266.83326165250213 -28.372703468998925 2174.170937115887 1937.5412047222187 321.52845212255346 27329.91843120847 0.0 0 0 "" "" ""
1222 4 188 2.2265676750121932e-10 7.021604938272728e-10 0.005065167829578669 0.0030665178783237934 0.000352727627963259 2427 2010 266.83246346870783 -28.372502193637395 91 1.7954363740344117e-05 1.579004591118079e-05 7.624516267487498e-06 6.7054151099572724e-06 135.56220485879604 7.150213044806826e-06 266.83246407332183 -28.372501582203522 2426.808486145285 2010.2201170719059 297.91883631284196 25323.101087175117 0.0 0 1 "" HII K1
1238 4 189 6.15857644299804e-11 1.851851851852148e-10 0.0010172452317729712 0.0016934594605118036 0.000352727627963259 2454 2027 266.83237822978214 -28.372454971041076 24 1.0602573196670832e-05 7.395824031695121e-06 4.502498277540984e-06 3.1407172906063478e-06 -156.8163662478566 3.7604619651311815e-06 266.83237955140146 -28.37245581604471 2453.5813678459617 2026.6958009244465 302.1756751606707 25684.93238964493 0.0 0 0 "" "" K1
1523 4 190 2.0519004391484314e-10 6.172839506173827e-10 0.0039039805917103973 0.002083734842017293 0.000352727627963259 2547 2375 266.8320846367248 -28.371488302680053 80 2.122456714696764e-05 1.2309345304789059e-05 9.01324378979825e-06 5.227297657315159e-06 -153.28546726388205 6.864030022313626e-06 266.8320867677512 -28.37149358485311 2546.3249641875996 2373.098422931976 320.876465527034 27274.499571774577 0.0 1 2 77 "" ""
1540 4 191 1.314834075188597e-10 3.8580246913586416e-10 0.002429643265170484 0.0022362053859978914 0.000352727627963259 2525 2391 266.8321540905978 -28.37144385869323 50 1.5376899094040697e-05 1.0887287680169707e-05 6.529967810698928e-06 4.6234053863876534e-06 177.59970919312562 5.49460538609675e-06 266.83215231657266 -28.371444711731396 2525.5619358169056 2390.6929022010986 309.40082934751206 26299.070495641514 0.0 0 1 "" "" ""
1551 4 192 4.5302252908220075e-11 1.2345679012347653e-10 0.000960477253705811 0.002340182662010193 0.000352727627963259 2517 2402 266.8321793466515 -28.371413303295338 16 1.1056041224075423e-05 5.217202134654622e-06 4.695068418245146e-06 2.2155417547356797e-06 146.625510793819 3.2252317935247573e-06 266.8321793634913 -28.37141156582033 2516.9946702072484 2402.6254910369316 307.53974447759083 26140.8782818574 0.0 0 1 "" "" ""
1555 4 193 5.586386534076101e-10 1.6126543209879122e-09 0.017978937499470982 0.005024916958063841 0.000352727627963259 2504 2414 266.8322203875844 -28.371379970208306 209 5.132719929336647e-05 1.3858011814652226e-05 2.1796654653791974e-05 5.884955771416534e-06 166.6841677885828 1.1325738324824838e-05 266.83223377478146 -28.37137908090277 2499.7594872751442 2414.3201779556057 298.9664234781305 25412.145996634932 0.0 1 2 80 "bad contour" ""
1560 4 194 9.124421863314255e-11 2.623456790123876e-10 0.0014625193366926076 0.0017088724998757243 0.000352727627963259 2570 2423 266.8320120275074 -28.371354968830655 34 1.3894389315184924e-05 8.361484814996019e-06 5.900403873537738e-06 3.5507956680766767e-06 126.17513802976418 4.5772402727037e-06 266.8320106658328 -28.371357764194038 2570.4313143186628 2421.9936655661954 363.67299623546694 30912.204681985382 0.0 0 1 118 extended ""
1563 4 195 3.2267105591654794e-10 8.796296296297703e-10 0.0067793207940745484 0.0025003242772072554 0.000352727627963259 2498 2428 266.8322393297183 -28.371341081428948 114 3.1050199466966404e-05 1.3231623302108489e-05 1.3185805655292998e-05 5.618953061839842e-06 133.83033797898938 8.607579396069124e-06 266.8322472371254 -28.37134111944553 2495.4952568099707 2427.9863302101317 303.22772771938827 25774.35685695948 0.0 0 0 "" "" ""
1570 4 196 1.0908729038908587e-09 2.476851851852248e-09 0.01973288737904983 0.004134026821702719 0.000352727627963259 2534 2439 266.8321256789372 -28.371310525176938 321 3.955868649759279e-05 3.5111534004162886e-05 1.679902741658243e-05 1.4910495635644812e-05 119.95659449199249 1.5826617610153785e-05 266.8321167448393 -28.37129150446682 2536.8300089706263 2445.847434489014 347.31494589495895 29521.77040270823 0.0 2 2 82 "bad contour" ""
1571 4 197 8.901346983827443e-11 2.623456790123876e-10 0.0018048286165299587 0.0021230888087302446 0.000352727627963259 2484 2441 266.8322835275961 -28.37130497056323 34 1.4749912147928336e-05 7.68393724657163e-06 6.263710969784309e-06 3.2630677077791907e-06 134.75540068817577 4.520941605060328e-06 266.83228251253996 -28.371306495010717 2484.3215249991667 2440.451196933213 301.9573405155579 25666.373944492407 0.0 0 1 "" "" ""
1573 4 198 4.430776965016274e-10 1.4583333333335666e-09 0.012261188354755433 0.003771706949919462 0.000352727627963259 2503 2450 266.83222354531176 -28.371279970226738 189 2.9245157811271997e-05 1.9290497685536923e-05 1.2419275040988378e-05 8.191920111366042e-06 176.53606415371578 1.0086511239118262e-05 266.83221615103884 -28.371277186252705 2505.3422112247326 2451.002215064332 324.9638984470491 27621.93136930031 0.0 2 2 84 resolved? ""
1583 4 199 8.360139831560979e-11 2.4691358024695307e-10 0.00143100556805632 0.0018055724212899804 0.000352727627963259 2477 2458 266.8323056267207 -28.371257748458362 32 1.6118725821625164e-05 6.603897833938462e-06 6.8449926165858326e-06 2.804417198619382e-06 175.72384939647378 4.381348538792137e-06 266.832306121435 -28.371256989145426 2476.8432962578904 2458.273353588835 307.9540077223951 26176.090657268905 0.0 0 0 "" "" ""
1599 4 200 6.511334205989042e-10 1.5200617283953048e-09 0.01025319922264854 0.0023510674946010113 0.000352727627963259 2504 2491 266.83222038920104 -28.37116608131942 197 4.746964927806036e-05 1.7465116070721244e-05 2.0158503991941547e-05 7.416751911712091e-06 171.0160585780486 1.2227453660492371e-05 266.83220262981183 -28.371171060364734 2509.625445095291 2489.2075058557775 353.0235156454451 30006.998831154426 0.0 0 1 97 "bad contour" ""
1607 4 201 1.0839632011775778e-10 3.240740740741259e-10 0.003921999206751479 0.0038510398007929325 0.000352727627963259 2450 2498 266.8323908655945 -28.371146637766493 42 1.470279238693998e-05 9.387116904603953e-06 6.243701049668422e-06 3.986341514466163e-06 110.04665183988011 4.988940237987341e-06 266.832391769123 -28.37114404355733 2449.713803497386 2498.933916793902 319.1452619697585 27127.34726915527 0.0 0 1 "" "" ""
1608 4 202 1.3650500203265575e-10 4.012345679012987e-10 0.005451512487356006 0.004448724910616875 0.000352727627963259 2478 2499 266.83230247052256 -28.371143859552927 52 1.799451091766846e-05 9.658863551532744e-06 7.641565203948296e-06 4.10174169016206e-06 178.73923212295045 5.598546827090621e-06 266.8323044206564 -28.371144841292885 2477.3822741338663 2498.6465772951715 336.93889504017255 28639.80607951182 0.0 1 2 100 "" ""
1615 4 203 3.801093637169014e-10 1.0648148148149851e-09 0.015502117824406074 0.005184962414205074 0.000352727627963259 2476 2508 266.8323087846256 -28.371118859585938 138 3.8552328638835356e-05 1.2553807508946264e-05 1.63716665824155e-05 5.331111196983747e-06 177.56673142262514 9.342332419198104e-06 266.83229195107674 -28.371120650962553 2481.3321869103465 2507.3550724942866 346.0436591519385 29413.711028912327 0.0 2 2 100 multiple? ""
1617 4 204 7.745206453534265e-11 2.237654320988012e-10 0.002545891235481922 0.003343361895531416 0.000352727627963259 2451 2509 266.83238770880973 -28.37111608219636 29 1.4570397023732395e-05 6.7682925961533425e-06 6.187477915553796e-06 2.8742292263205137e-06 49.86580845967249 4.2171352672279145e-06 266.83238932627273 -28.371118553877995 2450.4876481336996 2508.110197306813 326.8274330712526 27780.331811470733 0.0 0 1 "" "" ""
1621 4 205 6.451153397145282e-11 1.851851851852148e-10 0.0018339908956324447 0.0030752194579690695 0.000352727627963259 2439 2509 266.83242559240915 -28.371116082366544 24 1.2989089620084685e-05 6.323771484259044e-06 5.515958490116373e-06 2.6854584908104648e-06 170.3595619159758 3.848750129878671e-06 266.83242281478107 -28.371115651465946 2439.8798415831816 2509.1551198491097 321.2720504240301 27308.124287454244 0.0 0 1 "" "" ""
1623 4 206 1.4389558263531347e-10 4.3209876543216787e-10 0.0034468393146489923 0.00261118495836854 0.000352727627963259 2458 2523 266.8323656102841 -28.371077193203362 56 1.652624700279577e-05 1.1086404873722332e-05 7.018050928209491e-06 4.70796267303586e-06 95.76282126932544 5.748105932172349e-06 266.83236821649456 -28.371078378216033 2457.174454772542 2522.5733999204044 342.37043250618007 29101.48676449094 0.0 0 1 "" "" ""
1628 4 207 5.239696568620299e-10 1.388888888889111e-09 0.015402495771131034 0.003926132805645466 0.000352727627963259 2351 2533 266.8327034056719 -28.371049416627905 180 3.557403962451502e-05 1.8753851189578682e-05 1.510690368870521e-05 7.964027327333286e-06 118.37853696718383 1.0968673292984905e-05 266.8327014403985 -28.37105765745643 2351.6225120346694 2530.033300082485 297.90230631420684 25321.696037057758 0.0 0 0 "" "" ""
1629 4 208 1.0270014586021888e-10 3.0864197530869133e-10 0.0020041135884886537 0.002130956156179309 0.000352727627963259 2383 2525 266.83260238271566 -28.37107163857783 40 1.4304016647611577e-05 9.141775795477219e-06 6.07435658524963e-06 3.882154738222075e-06 161.47892268624145 4.856088158083347e-06 266.83260471426496 -28.371070034310268 2382.26146068721 2525.5775388848674 305.67314883868187 25982.217652114006 0.0 0 0 "" "" ""
1633 4 209 1.1426033326978714e-09 3.433641975309191e-09 0.027813565438118488 0.0033046759199351072 0.000352727627963259 2402 2539 266.83254240055095 -28.37103274949202 445 6.075748919355905e-05 2.3944908428614437e-05 2.5801330051426716e-05 1.0168466367161288e-05 179.56350419996525 1.6197529344191982e-05 266.8325317651681 -28.371037654875725 2405.3688568194257 2537.234048305241 326.5622148614144 27757.78826471989 0.0 0 0 104 "" ""
1638 4 210 1.2357105637968584e-10 3.240740740741259e-10 0.0017726160144182898 0.0017354254378005862 0.000352727627963259 2471 2541 266.8323245700619 -28.371027193000554 42 1.885682507508551e-05 8.343834848272722e-06 8.007756310243943e-06 3.5433004173204492e-06 -161.7848715193408 5.326714397814832e-06 266.8323185975219 -28.371027774213076 2472.891860717725 2540.7907524906377 366.3878318234397 31142.965707102903 0.0 0 0 "" "" ""
1645 4 211 1.8285122375165163e-09 5.162037037037863e-09 0.10455630832354589 0.012682702392339706 0.000352727627963259 2273 2550 266.8329496489457 -28.37100219475742 669 6.437201341540381e-05 3.616748337607796e-05 2.733627716106764e-05 1.535891604642877e-05 157.24504888396154 2.0490377886675153e-05 266.8329422346972 -28.370992673742215 2275.348540403861 2553.427563981982 304.48453997640996 25881.18589833675 0.0 0 2 107 multiple? ""
1664 4 212 4.677040624742439e-10 9.876543209878123e-10 0.011672714112526008 0.003733259392902255 0.000352727627963259 2263 2583 266.8329812186135 -28.370910528103813 128 3.728443421981652e-05 1.5972066047193497e-05 1.5833241397147394e-05 6.782711944760763e-06 120.44775679058851 1.0363026370163893e-05 266.8329868829989 -28.370904927059563 2261.20574772602 2585.016376500297 335.20373104350745 28492.317139376373 0.0 0 1 110 "" ""
1677 4 213 4.662517250456183e-10 1.4891975308644357e-09 0.01593401161038554 0.004282977897673845 0.000352727627963259 2333 2593 266.83276023144697 -28.37088275008166 193 3.284945002219455e-05 1.8072151605632093e-05 1.394987701566079e-05 7.674536168386732e-06 -136.46944556601753 1.0346923972912698e-05 266.83275731245664 -28.370881542091887 2333.924621677764 2593.434874305373 353.5404573919414 30050.938878669876 0.0 1 2 111 "" ""
1693 4 214 1.7959804302189733e-10 5.324074074074926e-10 0.0055922831406540596 0.0032740149181336164 0.000352727627963259 2338 2610 266.83274444677227 -28.37083552782834 69 1.6696512844337896e-05 1.3695987046565641e-05 7.090356173742548e-06 5.81615018755526e-06 108.49006382094247 6.4217269009002804e-06 266.83274351232143 -28.370833417194724 2338.295998958545 2610.7598274221646 371.40791121589933 31569.672454345884 0.0 0 0 "" "" ""
1127 5 215 1.458399917954914e-10 4.3209876543216787e-10 0.0024741084441066825 0.001823324360884726 0.000352727627963259 2309 1817 266.8328359946947 -28.37303830576128 56 2.1411317927699577e-05 8.67262850075704e-06 9.092549544446472e-06 3.6829262257460764e-06 173.22407138959136 5.786811658948082e-06 266.8328345424157 -28.37303650276788 2309.4600162194406 1817.6490769109123 436.42045578180955 37095.738743977956 0.0 1 1 "" "" ""
1143 5 216 1.322301684846947e-09 4.135802469136464e-09 0.04430382653588932 0.004926434718072414 0.000352727627963259 2315 1870 266.8328170528365 -28.37289108351198 536 6.107668026591234e-05 2.7565929436944676e-05 2.5936878019530197e-05 1.1706172407999176e-05 129.16915789004378 1.7424740050338333e-05 266.83281348847953 -28.372902659618244 2316.129018775286 1865.832599805588 389.8174425244664 33134.48261625851 0.0 1 2 113 resolved? ""
1577 5 217 2.3785816411159364e-10 7.330246913581419e-10 0.005005847174230022 0.0026783214416354895 0.000352727627963259 2604 2456 266.83190469136633 -28.37126330133065 95 2.287024313442371e-05 1.3242341797713823e-05 9.712098035976726e-06 5.623504787831793e-06 144.55061338841566 7.390265881902144e-06 266.8319070639921 -28.371261145387862 2603.248455837595 2456.7761463630727 409.31753719625567 34791.99066310372 0.0 0 1 120 extended ""
1634 5 218 8.095513023404868e-11 2.5462962962967034e-10 0.001654368338621938 0.0022672428749501705 0.000352727627963259 2577 2533 266.8319899316645 -28.371049413110402 33 1.2514827129054942e-05 8.236392476408963e-06 5.3145577537711425e-06 3.497673842971178e-06 -139.54150060506697 4.311448670960259e-06 266.83198968804453 -28.37104890424018 2577.0771706172295 2533.183192611692 432.6340209885521 36773.891786364984 0.0 2 2 125 resolved? ""
1653 5 219 6.378764646387083e-10 2.4151234567905098e-09 0.031611890459456254 0.009521429426968098 0.000352727627963259 2486 2564 266.83227721605095 -28.370963303862368 313 4.236932010151425e-05 1.9169138532136675e-05 1.799259361279872e-05 8.140383624042379e-06 -177.64775261585552 1.2102339211891071e-05 266.83227278998373 -28.370964312135833 2487.4019997715613 2563.637012860453 393.35465591697834 33435.1457545784 0.0 2 2 126 "" ""
1714 5 220 1.787597050576203e-10 4.6296296296303703e-10 0.004706643074712888 0.0030397556256502867 0.000352727627963259 2346 2619 266.8327191911775 -28.37081052777483 60 1.949907644809061e-05 1.167274773368679e-05 8.280495356423014e-06 4.95695955974138e-06 176.6729726816192 6.406721518562763e-06 266.8327237536462 -28.370810913659284 2344.5547889922786 2618.8610851937233 380.78748442098976 32366.936177179417 0.0 0 0 "" "" ""
1739 5 221 9.951581173758738e-11 2.854938271605395e-10 0.0015879353399316967 0.0017545734299346805 0.000352727627963259 2270 2638 266.8329591199809 -28.370757750317615 37 1.3766268656893115e-05 9.204355019550938e-06 5.8459960394604955e-06 3.908729687847534e-06 163.97450685648315 4.780211111915282e-06 266.832959234545 -28.370759730877314 2269.963710204498 2637.28699852827 387.8011977214168 32963.10180745091 0.0 0 0 "" "" ""
1764 5 222 2.8529199318650944e-10 9.104938271606394e-10 0.007916937938932465 0.0035840305499732494 0.000352727627963259 2231 2664 266.8330822412223 -28.370685528096796 118 2.873882507406662e-05 1.2639738430346347e-05 1.2204255325034361e-05 5.36760269941571e-06 -158.7410194313872 8.093676162721918e-06 266.83307546175513 -28.37068151465787 2233.147470506463 2665.4448390202424 415.78651014539383 35341.853364097435 0.0 2 2 151 "" ""
