public/.ipynb_checkpoints/catalog_NB6_4RMS_30.0rings_0.7mindelta3npix_final_Nazar_review-checkpoint.csv
# %ECSV 1.0
# ---
# datatype:
# - {name: _idx, datatype: int64}
# - {name: c_ID, datatype: int64}
# - {name: _name, datatype: int64}
# - {name: area_ellipse, unit: deg2, datatype: float64}
# - {name: area_exact, unit: deg2, datatype: float64}
# - {name: flux, unit: Jy, datatype: float64}
# - {name: peak, unit: Jy / beam, datatype: float64}
# - {name: ring_std, unit: Jy / beam, datatype: float64}
# - {name: x_peak_px, datatype: int64}
# - {name: y_peak_px, datatype: int64}
# - {name: x_peak, datatype: float64}
# - {name: y_peak, datatype: float64}
# - {name: npix, datatype: int64}
# - {name: major_fwhm, unit: deg, datatype: float64}
# - {name: minor_fwhm, unit: deg, datatype: float64}
# - {name: major_sigma, unit: deg, datatype: float64}
# - {name: minor_sigma, unit: deg, datatype: float64}
# - {name: position_angle, unit: deg, datatype: float64}
# - {name: radius, datatype: float64}
# - {name: x_cen, datatype: float64}
# - {name: y_cen, datatype: float64}
# - {name: x_cen_px, datatype: float64}
# - {name: y_cen_px, datatype: float64}
# - {name: radial_d_px, datatype: float64}
# - {name: radial_d_AU, unit: AU, datatype: float64}
# - {name: rejected, datatype: float64}
# - {name: core_score, datatype: int64}
# - {name: detection_score, datatype: int64}
# - {name: B3_match, datatype: int64}
# - {name: notes, datatype: string}
# - {name: Schmiedeke16, datatype: string}
# schema: astropy-2.0
_idx c_ID _name area_ellipse area_exact flux peak ring_std x_peak_px y_peak_px x_peak y_peak npix major_fwhm minor_fwhm major_sigma minor_sigma position_angle radius x_cen y_cen x_cen_px y_cen_px radial_d_px radial_d_AU rejected core_score detection_score B3_match notes Schmiedeke16
[from data line 223]
1782 5 224 2.0846168009480763e-10 5.632716049383617e-10 0.003868087461064537 0.0024242077488452196 0.000352727627963259 2247 2684 266.8330317299565 -28.370629972554042 73 2.6155277331387065e-05 1.0148092489045235e-05 1.110712361506304e-05 4.3094980911426115e-06 57.86294290687215 6.918535106306767e-06 266.8330275752213 -28.370625279240528 2248.3160588822093 2685.6895929406137 435.69284714629623 37033.89200922444 0.0 1 1 "" "" ""
1785 5 225 1.0857511003572333e-10 3.240740740741259e-10 0.0018125908453761551 0.0017617864068597555 0.000352727627963259 2280 2688 266.8329275505453 -28.370618861410524 42 1.4203946112480894e-05 9.732821860552874e-06 6.031860541723141e-06 4.133148892243677e-06 -169.1826797561138 4.99305294546246e-06 266.83293043931525 -28.370620112236534 2279.08494928766 2687.549703343061 438.51531007556224 37273.801358283374 0.0 0 0 "" "" ""
1790 5 226 1.6765169926056305e-10 5.478395061729271e-10 0.005361052249406191 0.003937032073736191 0.000352727627963259 2203 2693 266.83317063581626 -28.370604972474016 71 2.270706114458499e-05 9.400794141942014e-06 9.642801025284524e-06 3.992149702385627e-06 -177.37350012235626 6.204474614603032e-06 266.8331709958613 -28.370605660072215 2202.885951980688 2692.7524645106137 445.2521514276919 37846.432873235855 0.0 2 2 157 "" ""
1125 6 227 3.0906603910215427e-10 1.1111111111112887e-09 0.01047000246759329 0.004704262595623732 0.000352727627963259 2048 1810 266.8336599780284 -28.37305774884847 144 3.3188687765975866e-05 1.1857106410754145e-05 1.4093938021297788e-05 5.0352494814941615e-06 171.35123356523937 8.424161330004936e-06 266.8336569142931 -28.37305884539877 2048.9704523824835 1809.6052470060401 484.10785727967095 41149.16787147871 0.0 2 2 112 "" ""
1672 6 228 2.4207221753399193e-10 7.947530864198802e-10 0.0068129631205429845 0.0038780919276177883 0.000352727627963259 2582 2585 266.8319741482683 -28.370904968546117 103 2.7566224520522887e-05 1.1181116484105365e-05 1.1706297718457117e-05 4.748182990755207e-06 161.24996411230296 7.455443897682724e-06 266.831970903321 -28.370906170671528 2583.027867007743 2584.567225902089 472.06227221792096 40125.29314095088 0.0 1 2 129 "" ""
1685 6 229 1.4119257693783504e-10 4.938271604939061e-10 0.004391890135000506 0.00418626144528389 0.000352727627963259 2536 2597 266.83211936872743 -28.37087163624657 64 1.507767791975732e-05 1.1923257277199335e-05 6.4029002774856e-06 5.063341167984082e-06 -162.8749922421776 5.693862359549056e-06 266.8321195055882 -28.370869887172365 2535.956652637791 2597.62966703578 450.1306394717179 38261.10435751655 0.0 2 2 130 "" ""
1694 6 230 8.867033969231646e-11 2.777777777778222e-10 0.0018091078581279276 0.0023130702320486307 0.000352727627963259 2541 2609 266.83210358421934 -28.370838302808316 36 1.2692284456114941e-05 8.895207589990064e-06 5.389916942017592e-06 3.7774468621330066e-06 -178.47935269151972 4.512219502615302e-06 266.83210477155285 -28.370838166723725 2540.6238999110856 2609.0489933124372 461.9290322097143 39263.967740514054 0.0 1 1 "" "" ""
1706 6 231 6.813578713380712e-10 2.021604938271928e-09 0.018047508056590795 0.005769605748355389 0.000352727627963259 2562 2619 266.83203728835184 -28.37081052457004 262 4.4583198917782944e-05 1.9459046829395076e-05 1.8932741383725137e-05 8.263496342515347e-06 154.8514110351584 1.2508022992391788e-05 266.83202935324533 -28.370808169220098 2564.5135366827085 2619.8479053657966 485.49586801550913 41267.1487843998 0.0 2 2 139 "" ""
1723 6 232 1.4229007558544554e-10 3.8580246913586416e-10 0.002225400552940385 0.0018667852273210883 0.000352727627963259 2591 2625 266.8319457367527 -28.37079385721473 50 1.4796936328449076e-05 1.2243915323224595e-05 6.28368030061278e-06 5.199512102447588e-06 50.02452096208912 5.715948895060876e-06 266.8319453139554 -28.370790905225164 2591.133935073549 2626.0627150471973 507.7356864623894 43157.53335287892 0.0 1 2 140 multiple? ""
1738 6 233 9.332199874717843e-11 2.932098765432568e-10 0.0020370051739706943 0.002538407454267144 0.000352727627963259 2576 2634 266.8319930913506 -28.370768857578557 38 1.4907821921390211e-05 7.970532700561498e-06 6.330769076324165e-06 3.3847735912477086e-06 177.7160306254933 4.6290625381204e-06 266.83199523732037 -28.37076703271957 2575.3202465078334 2634.6569550290023 503.77994783447014 42821.29556919955 0.0 1 2 145 "" ""
1794 6 234 1.0173412917656438e-09 3.1095679012350652e-09 0.04332269517088303 0.00704593863338232 0.000352727627963259 2213 2707 266.8331390662593 -28.37056608361568 403 6.336481162683377e-05 2.04425955445837e-05 2.690855794290683e-05 8.681171025242832e-06 139.15099838568338 1.5283906357506597e-05 266.83314987368914 -28.3705549064881 2209.576619088521 2711.0237624565493 462.7925661394177 39337.368124009656 0.0 2 2 159 "bad contour" ""
1796 6 235 1.6201867639508112e-10 5.015432098766235e-10 0.0031745296004775103 0.0021735569462180138 0.000352727627963259 2297 2706 266.8328738824342 -28.370568861362905 65 2.1390399257364522e-05 9.644144334669763e-06 9.083666203072171e-06 4.095491014279611e-06 -170.05509063377096 6.099350236820105e-06 266.83287636211185 -28.37056855858656 2296.2145339915037 2706.1090004425973 458.4443297029609 38967.76802707371 0.0 1 1 "" "" ""
1800 6 236 9.702486889485887e-10 3.186728395062238e-09 0.025334912552571375 0.003826812142506242 0.000352727627963259 2357 2724 266.8326844655733 -28.37051886102689 413 4.2882614180440264e-05 2.8808412324420574e-05 1.821056953839403e-05 1.223380630940822e-05 -165.8925802633782 1.4925970002539935e-05 266.83268860183716 -28.37051192597388 2355.689797578753 2726.4966227254245 488.0772119050153 41486.56301490343 0.0 1 2 163 "" ""
1802 6 237 8.707023416909639e-11 2.854938271605395e-10 0.0021027770364095573 0.0028166871052235365 0.000352727627963259 2130 2727 266.8334010929319 -28.370510527586227 37 1.3780882095108086e-05 8.04470656886764e-06 5.852201795287064e-06 3.4162723329297587e-06 171.17756373138403 4.471321401997519e-06 266.83340109133985 -28.370510511797704 2130.000504295443 2727.005683869783 491.86817483287854 41808.794863737894 0.0 2 2 162 "" ""
1803 6 238 3.337478651444716e-10 1.003086419753247e-09 0.009625436509212817 0.0032876301556825638 0.000352727627963259 2289 2729 266.8328991381111 -28.370504972499024 130 3.146500277772178e-05 1.3505424342472505e-05 1.3361956402621092e-05 5.735225658101192e-06 165.8113700695977 8.754075348244496e-06 266.8329087800316 -28.370503044247315 2285.945810601996 2729.6941736106182 481.03908520598253 40888.32224500907 0.0 1 1 165 "" ""
1805 6 239 9.088319325076114e-11 2.700617283951049e-10 0.0028574411180815355 0.0034474199637770653 0.000352727627963259 2205 2729 266.8331643217795 -28.37050497248069 35 1.5651266235342813e-05 7.3935261155986604e-06 6.646480807894222e-06 3.1397414554883695e-06 -166.55016684831867 4.568175929805388e-06 266.83316718124377 -28.370505958192755 2204.094231997168 2728.6451425803602 480.841462492268 40871.524314181755 0.0 2 2 "" "" ""
1806 6 240 2.1422930025249265e-10 6.250000000001e-10 0.004563013784809412 0.00233063125051558 0.000352727627963259 2190 2735 266.8332116759763 -28.370488305756744 81 2.1982692248030543e-05 1.2408391904188247e-05 9.335189877637391e-06 5.269358875372222e-06 -178.65106097051552 7.0135914933087965e-06 266.833210759516 -28.37048757437452 2190.290299047405 2735.2632980565577 488.923017282451 41558.45647166582 0.0 1 2 "" "" ""
1808 6 241 1.4760216534571527e-10 4.3209876543216787e-10 0.0046210347911255665 0.0036515186075121164 0.000352727627963259 2271 2740 266.832955963202 -28.370474416982724 56 1.8686674079275112e-05 1.0057226478522634e-05 7.9354998352027e-06 4.270910849321589e-06 151.19959686165078 5.821667488010363e-06 266.8329581179796 -28.370475713027147 2270.3174487695137 2739.5334243769753 489.95486762226335 41646.1637505774 0.0 1 1 166 "" ""
1809 6 242 7.833888302766559e-11 2.391975308642358e-10 0.0013359087480994002 0.001772385905496776 0.000352727627963259 2373 2737 266.83263395452394 -28.37048274978193 31 1.1758370264057372e-05 8.482966572368925e-06 4.993320100561158e-06 3.6023842205137305e-06 -179.9316984335745 4.2412094428636216e-06 266.8326339308433 -28.370482759059893 2373.0075011019744 2736.9966599127147 502.2913418460371 42694.764059841495 0.0 0 0 "" "" ""
1812 6 243 2.0382912317471543e-10 5.70987654321079e-10 0.0038440075182354042 0.002114132046699524 0.000352727627963259 2353 2745 266.8326970935475 -28.37046052772409 74 2.162226111771097e-05 1.2002801970612204e-05 9.182128869395958e-06 5.09712068909047e-06 100.06667220939454 6.841229350788718e-06 266.83269705515124 -28.37045386721574 2353.0121689313087 2747.3977829675614 507.952814195352 43175.989209545536 0.0 0 0 169 "" ""
1813 6 244 1.4143409233949982e-10 4.166666666667333e-10 0.0027190191681123756 0.0020606364123523235 0.000352727627963259 2389 2744 266.83258344344 -28.37046330518505 54 1.3876909327452797e-05 1.2977136401626025e-05 5.892980806212907e-06 5.5108824256061005e-06 135.6872959557587 5.698730065496416e-06 266.8325830618851 -28.37045914878175 2389.120867433556 2745.49630474313 514.6563938877687 43745.793483918795 0.0 0 0 168 "" ""
1814 6 245 9.431754861185738e-11 2.700617283951049e-10 0.0015604490529586886 0.0017864360706880689 0.000352727627963259 2186 2748 266.8332243036993 -28.37045219462758 35 1.1158862404690182e-05 1.0761928304169077e-05 4.738732553358879e-06 4.5701701609337345e-06 106.61450983919008 4.653688227202815e-06 266.83322455410047 -28.370456121150102 2185.920684855622 2746.5864517589725 500.7037674113696 42559.82023310023 0.0 1 1 "" "" ""
1815 6 246 1.6025066474851854e-10 3.9351851851858143e-10 0.003819808413787857 0.003080926602706313 0.000352727627963259 2262 2748 266.8329843757376 -28.3704521947713 51 2.454768060822638e-05 8.31202590590625e-06 1.0424440143537062e-05 3.529792403222474e-06 144.08574184078918 6.065979692226518e-06 266.8329896304831 -28.37044894036244 2260.335497972025 2749.1715876748917 499.2785760076251 42438.678963533486 0.0 0 0 "" "" ""
1816 6 247 4.5048367385911534e-10 2.4691358024695307e-09 0.09929052474965486 0.0546802282333374 0.000352727627963259 2289 2755 266.8328991381949 -28.370432750276766 320 3.437620367085782e-05 1.6685478080711582e-05 1.4598229594400286e-05 7.085670141088121e-06 177.42486590573822 1.0170459161207573e-05 266.83290148250313 -28.37043717049221 2288.257411096473 2753.408723192422 504.8603490966872 42913.12967647025 0.0 1 2 167 HII? ""
1821 6 248 5.848281836413534e-11 1.6975308641978025e-10 0.001652843048720807 0.0028952795546501875 0.000352727627963259 2377 2750 266.8326213268693 -28.370446638634448 22 9.404947739331599e-06 7.917524563826996e-06 3.993913572791925e-06 3.3622631081870786e-06 -171.19931449401963 3.664503822222858e-06 266.8326213294589 -28.370444404261566 2376.9991823890236 2750.8043742409404 516.65637863704 43915.792187426516 0.0 0 1 170 "" ""
1827 6 249 6.218277760569476e-11 1.9290123456793208e-10 0.001211636838275264 0.0022063644137233496 0.000352727627963259 2301 2765 266.8328612548816 -28.37040497245972 25 1.2092807387417333e-05 6.547273667278824e-06 5.135342470408773e-06 2.780371129035796e-06 156.6110006918186 3.7786449876160517e-06 266.83285828942917 -28.370406807698483 2301.9393414137126 2764.3393127762824 516.9551468489976 43941.187485526854 0.0 1 1 "" "" ""
1828 6 250 1.9389300949105522e-10 5.015432098766235e-10 0.00291120361563094 0.002038028324022889 0.000352727627963259 2266 2766 266.832971747974 -28.370402194767212 65 3.460320016665184e-05 7.134497645242526e-06 1.4694626130633712e-05 3.0297421921040073e-06 172.49822047606682 6.67240052643537e-06 266.83296595545966 -28.37040312957953 2267.8348476605593 2765.6634667525586 515.9717945143344 43857.602537054816 0.0 1 2 176 "" ""
1113 7 251 1.3986996924068798e-10 4.3981481481488515e-10 0.00292281946117634 0.0026125027798116207 0.000352727627963259 2543 1741 266.83209724928014 -28.373249413877076 57 2.2824389286154355e-05 7.80266256657299e-06 9.692625699495596e-06 3.3134857090408535e-06 171.80832202425336 5.667131261790287e-06 266.8321030468137 -28.373248817271957 2541.1636132110043 1741.2147918901949 586.2069921533051 49827.59433921711 0.0 0 1 193 "" ""
1689 7 252 2.399748024053657e-10 7.407407407408592e-10 0.00498513863884636 0.0023786311503499746 0.000352727627963259 2627 2606 266.83183208570756 -28.370846634052562 96 3.926089090172181e-05 7.782569448236328e-06 1.6672565270780937e-05 3.3049529473213065e-06 168.75092894763958 7.4230750859111155e-06 266.83181416376635 -28.370849401547925 2632.676954287991 2605.0036452085656 521.9858613549818 44368.79821913753 0.0 1 2 136 "" ""
1729 7 253 9.919754726292874e-11 3.240740740741259e-10 0.002453607359011922 0.002958188997581601 0.000352727627963259 2633 2628 266.83181314465236 -28.370785522775613 42 1.9231452244480782e-05 6.567595030949458e-06 8.166845821217742e-06 2.789000817624321e-06 177.97867761985856 4.772561123001784e-06 266.8318112775 -28.370786361005216 2633.5914375633038 2627.698231405234 538.3292161665792 45757.98337832662 0.0 2 2 141 "" ""
1746 7 254 8.999823112579527e-11 2.777777777778222e-10 0.0017401440288273976 0.0021050553768873215 0.000352727627963259 2675 2649 266.8316805532052 -28.370727188208182 36 1.4438956354929798e-05 7.936256255657032e-06 6.131660202824555e-06 3.370217725300842e-06 -176.9631867006628 4.545880541884166e-06 266.83168014421386 -28.3707294898535 2675.129543256113 2648.1714062521196 582.4736880803644 49510.26349196198 0.0 1 2 206 "" ""
1773 7 255 3.8324383264834427e-10 1.1265432098767234e-09 0.008190204342139731 0.0030777580104768276 0.000352727627963259 2555 2678 266.8320593885419 -28.3706466358382 146 4.022958199294709e-05 1.2129619208560469e-05 1.708393050154215e-05 5.150975011511358e-06 -151.7127678658495 9.380772841927275e-06 266.83207268153666 -28.370654549629755 2550.7892730526955 2675.151068431967 520.7951783306102 44267.590161296095 0.0 1 2 154 multiple? ""
1783 7 256 1.0385973206259274e-10 3.240740740741259e-10 0.0022141618369207745 0.0024730865843594074 0.000352727627963259 2571 2682 266.8320088774056 -28.37063552436284 42 1.739473156803674e-05 7.6023345801273985e-06 7.3868623654459e-06 3.2284142459928317e-06 -169.13090975184667 4.8834262248746885e-06 266.8320099400765 -28.370636096232147 2570.663385374764 2681.7941298807687 537.8393601434302 45716.34561646501 0.0 2 2 155 "" ""
1826 7 257 2.678720477008634e-10 7.330246913581419e-10 0.00966113914433282 0.00408399710431695 0.000352727627963259 2352 2763 266.8327002506464 -28.370410527731497 95 3.096354039458458e-05 1.1015248460529461e-05 1.3149004935609688e-05 4.677745326558356e-06 176.72914843007015 7.842684259004755e-06 266.8326875494566 -28.37040880088784 2356.023254355881 2763.621652767578 524.4503147638584 44578.27675821537 0.0 0 1 "" "" ""
1829 7 258 1.2019697680781546e-10 3.240740740741259e-10 0.0018498683956598128 0.0018437604885548353 0.000352727627963259 2282 2772 266.83292123686385 -28.370385528072624 42 1.8230132608761056e-05 8.39501021723674e-06 7.74162452338113e-06 3.565032595569911e-06 -154.241253434609 5.253488723554768e-06 266.83292871174285 -28.370388542864596 2279.6322419456587 2770.914676797728 521.7568114227237 44349.328974076496 0.0 0 1 "" "" ""
1831 7 259 7.744332345714946e-11 2.237654320988012e-10 0.002988743913272681 0.003976040054112673 0.000352727627963259 2360 2771 266.8326749951541 -28.370388305447612 29 1.1760829219687253e-05 8.384237095950894e-06 4.994364322872358e-06 3.5604576721873034e-06 179.94937182780953 4.216897291975396e-06 266.83267495623954 -28.370387335935106 2360.0123276563313 2771.3490244595846 532.829726593144 45290.52676470903 0.0 0 1 "" "" ""
